13// number of internal lecturers: IT_1, ..., IT_m1
7// number of external lecturers: IT_m1+1, ..., IT_m
15// number of jury: J1, ..., Jn
0 42//
//matrix
	J1	J2	J3	J4	J5	J6	J7	J8	J9	J10	J11	J12	J13	J14	J15
IT1	3	0	0	0	0	0	3	3	2	0	0	0	0	3	0
IT2	0	0	0	2	0	0	0	3	0	2	0	0	0	3	0
IT3	0	0	0	2	0	0	0	1	0	0	0	3	0	0	0
IT4	0	1	0	1	0	0	0	0	0	0	0	3	0	0	0
IT5	0	0	0	0	0	0	0	0	0	0	0	3	0	0	0
IT6	0	0	0	0	0	0	0	0	0	0	0	3	0	0	0
IT7	0	0	0	0	0	0	0	0	0	0	0	0	2	1	0
IT8	0	3	0	0	3	0	0	0	0	0	3	0	3	0	0
IT9	0	3	0	0	0	0	0	0	0	0	0	0	3	0	3
IT10	0	0	0	0	3	3	0	0	0	0	3	0	0	0	0
IT11	1	0	2	0	3	3	0	0	3	3	2	0	0	0	3
IT12	0	2	3	0	2	0	0	0	3	0	2	0	0	0	1
IT13	0	2	3	0	0	2	2	0	3	3	1	0	0	0	2
IT14	0	3	1	0	2	3	2	0	1	1	3	0	0	0	2
IT15	3	0	2	0	1	3	0	0	2	2	0	0	0	3	3
IT16	3	0	3	0	3	0	0	3	2	2	0	0	0	3	3
IT17	3	0	3	0	0	1	0	0	3	3	0	0	3	0	0
IT18	3	0	3	2	0	0	2	3	0	3	0	0	3	3	0
IT19	0	0	0	3	2	2	3	3	0	0	0	3	3	0	0
IT20	0	0	0	3	0	0	1	0	0	0	0	1	1	0	0
//unavailability
IT1 0-6 26-29
IT2 16-24 30-34
IT3
IT4
IT5 27-30
IT6 36-42
IT7 0
IT8
IT9
IT10 0 19-21
IT11 16-20
IT12 41-42
IT13 6-11 17-21
IT14 28-42
IT15 33-42
IT16 0 26-41
IT17 7-11
IT18 1-5 11-20
IT19 24-28
IT20 13-16 35-42
