13// number of internal lecturers: IT_1, ..., IT_m1
7// number of external lecturers: IT_m1+1, ..., IT_m
15// number of jury: J1, ..., Jn
0 42//
//matrix
	J1	J2	J3	J4	J5	J6	J7	J8	J9	J10	J11	J12	J13	J14	J15
IT1	0	1	0	0	3	0	3	3	0	3	0	0	0	3	1
IT2	0	0	3	0	1	0	3	0	2	0	0	0	1	3	3
IT3	0	0	3	2	0	0	1	1	2	0	0	0	0	0	3
IT4	0	3	3	0	2	3	0	0	0	0	0	0	0	0	0
IT5	0	3	3	0	2	3	0	2	0	0	0	0	0	0	0
IT6	0	3	0	0	2	0	0	0	0	2	0	0	0	0	0
IT7	0	0	2	0	0	0	0	2	0	3	2	0	0	0	0
IT8	3	3	3	0	0	0	0	0	0	0	3	0	0	0	0
IT9	0	0	0	0	0	0	0	0	0	0	3	0	0	0	0
IT10	1	0	0	0	0	0	0	0	0	0	3	0	0	0	0
IT11	2	0	0	0	0	0	0	0	0	0	0	3	3	0	0
IT12	0	0	0	0	0	0	0	0	0	0	0	3	3	0	0
IT13	2	0	0	3	0	0	0	0	3	0	0	3	3	0	0
IT14	3	0	0	3	0	0	0	0	1	0	3	0	3	0	0
IT15	3	0	0	1	0	0	3	0	0	0	0	2	0	3	0
IT16	0	0	0	2	0	0	3	0	0	0	1	3	0	3	0
IT17	0	0	0	2	0	0	3	0	2	1	0	3	2	3	0
IT18	0	0	1	3	0	0	0	0	3	0	0	1	2	0	3
IT19	0	0	0	3	0	0	0	3	3	0	0	0	0	1	3
IT20	0	3	0	0	3	1	0	2	3	0	0	2	0	0	3
//unavailability
IT1 0-7 33-38
IT2
IT3 36-42
IT4 0-2 29-42
IT5 0-23
IT6 9-18
IT7 0 20-34
IT8 0-18 39-42
IT9 0-11 37-42
IT10
IT11 0-7
IT12 0-21
IT13 0-18
IT14 0-7
IT15
IT16 0-13 40-42
IT17 42
IT18 0-13
IT19 0-13 35-42
IT20 0
