16// number of internal lecturers: IT_1, ..., IT_m1
4// number of external lecturers: IT_m1+1, ..., IT_m
15// number of jury: J1, ..., Jn
0 42//
//matrix
	J1	J2	J3	J4	J5	J6	J7	J8	J9	J10	J11	J12	J13	J14	J15
IT1	0	0	0	3	2	0	0	2	0	0	0	0	0	0	1
IT2	0	3	3	3	0	0	2	0	0	0	0	2	0	3	0
IT3	0	3	0	3	0	2	0	0	0	0	2	2	0	0	3
IT4	0	3	0	3	0	2	0	0	0	3	2	2	0	0	3
IT5	0	0	0	0	0	0	0	0	0	3	0	0	0	3	3
IT6	0	0	0	0	0	0	0	0	1	0	0	0	0	0	0
IT7	0	0	0	0	0	0	0	0	0	0	0	0	0	0	0
IT8	0	0	0	0	0	0	0	0	0	0	0	0	0	0	0
IT9	1	0	0	0	0	0	0	0	0	0	0	0	2	0	0
IT10	0	0	0	0	0	0	0	0	3	0	0	0	2	0	0
IT11	2	0	0	0	3	0	0	0	3	0	0	0	3	0	0
IT12	2	0	0	0	0	0	3	3	0	0	0	0	0	0	0
IT13	3	0	0	0	1	0	3	0	0	0	0	0	1	0	0
IT14	2	0	3	0	0	3	3	1	2	0	3	3	3	0	0
IT15	3	0	0	0	2	3	1	0	2	0	1	3	3	1	0
IT16	0	0	3	0	3	3	0	2	3	0	3	3	0	0	0
IT17	3	0	3	3	3	2	2	3	3	0	2	0	3	0	0
IT18	0	3	1	1	3	3	3	3	0	1	3	3	0	0	0
IT19	3	1	0	0	0	1	2	3	0	0	3	3	0	3	3
IT20	3	3	0	0	2	3	0	2	2	0	3	1	0	3	3
//unavailability
IT1 26-42
IT2 18-38
IT3 0-11 34-42
IT4 0
IT5
IT6 21-36
IT7 21-42
IT8
IT9 0
IT10 42
IT11 0-8 25-30
IT12 16-40
IT13
IT14 0-5 22-25
IT15 33-39
IT16 20-39
IT17 0 5-20
IT18 11-20 37-42
IT19 0 24-42
IT20
