11// number of internal lecturers: IT_1, ..., IT_m1
9// number of external lecturers: IT_m1+1, ..., IT_m
15// number of jury: J1, ..., Jn
0 42//
//matrix
	J1	J2	J3	J4	J5	J6	J7	J8	J9	J10	J11	J12	J13	J14	J15
IT1	3	0	2	0	0	3	0	0	3	0	3	0	0	0	0
IT2	1	0	0	0	0	3	3	0	1	0	3	0	0	0	0
IT3	0	0	0	3	3	3	0	0	0	0	0	0	0	0	0
IT4	0	0	0	3	3	0	0	0	0	0	0	0	0	0	0
IT5	2	2	0	0	0	0	0	0	0	0	0	0	0	0	3
IT6	2	3	0	0	0	2	0	0	0	0	0	1	0	0	1
IT7	0	1	0	0	0	3	0	0	0	3	0	0	0	2	0
IT8	0	3	0	0	0	0	0	3	0	0	0	0	0	3	0
IT9	0	0	0	0	0	0	0	0	0	1	0	0	1	3	0
IT10	0	3	1	0	0	0	0	1	0	0	0	3	0	0	0
IT11	0	0	0	0	0	0	0	2	0	2	0	3	0	0	2
IT12	0	3	0	0	1	0	1	2	0	3	1	3	3	3	3
IT13	0	0	0	0	0	0	0	3	0	3	0	3	3	3	2
IT14	0	0	2	0	0	0	3	3	0	0	0	0	3	1	0
IT15	0	0	0	0	0	0	3	0	0	0	0	0	2	0	0
IT16	3	0	3	0	0	0	3	0	0	0	3	2	0	0	0
IT17	3	0	3	0	0	0	0	0	0	2	3	0	2	0	0
IT18	3	0	3	0	0	3	0	0	0	0	3	0	3	0	0
IT19	2	0	0	1	0	1	0	0	0	0	0	0	2	0	0
IT20	3	0	2	0	0	0	0	0	3	0	0	0	0	0	0
//unavailability
IT1
IT2
IT3
IT4
IT5
IT6 23-27
IT7 41-42
IT8 40-42
IT9
IT10
IT11 20-24
IT12 6-9
IT13 8 13-17
IT14 11-15
IT15
IT16 0-5
IT17
IT18 41
IT19
IT20 1-5
