16// number of internal lecturers: IT_1, ..., IT_m1
4// number of external lecturers: IT_m1+1, ..., IT_m
15// number of jury: J1, ..., Jn
0 42//X=0 Y=@!
//matrix
	J1	J2	J3	J4	J5	J6	J7	J8	J9	J10	J11	J12	J13	J14	J15
IT1	3	3	3	3	3	3	3	1	3	3	2	3	3	3	3
IT2	3	3	3	3	3	3	1	3	3	3	2	2	2	3	3
IT3	3	3	3	3	3	3	3	3	3	3	3	2	1	3	3
IT4	3	3	3	3	3	3	3	3	3	3	3	2	2	3	3
IT5	3	3	3	3	3	3	3	3	3	3	3	3	3	3	3
IT6	3	3	3	3	3	3	3	3	3	3	3	3	3	3	3
IT7	3	3	3	3	3	3	3	3	3	3	3	3	3	3	3
IT8	3	3	3	3	3	3	2	3	3	3	3	3	3	3	3
IT9	3	3	3	3	3	3	3	3	3	3	3	3	3	3	3
IT10	2	3	3	3	3	2	3	3	3	3	3	3	3	2	3
IT11	2	3	3	3	3	3	3	3	3	3	3	3	3	3	3
IT12	3	3	3	3	3	3	3	3	2	3	3	3	3	3	2
IT13	3	3	3	3	3	1	3	3	3	1	3	3	3	3	3
IT14	3	2	3	3	3	3	3	3	3	3	3	1	3	1	3
IT15	3	2	3	3	2	3	3	3	3	3	3	3	3	2	3
IT16	3	3	3	3	1	2	3	3	3	3	2	3	3	3	1
IT17	1	1	3	3	2	3	3	3	3	3	3	3	3	2	2
IT18	3	2	3	1	3	3	3	3	2	3	1	3	2	3	3
IT19	3	3	3	3	2	3	3	3	3	3	3	3	3	3	2
IT20	3	3	1	3	3	3	3	3	1	3	3	3	3	3	3
//unavailability
IT1 0-4
IT2 0-4
IT3 1-5
IT4 3-7
IT5 12-16
IT6 20-24
IT7 15-19
IT8 6-10
IT9 30-34
IT10 35-39
IT11 38-42
IT12 25-29
IT13 22-26
IT14 13-17
IT15 5-9
IT16 19-23
IT17 14-17
IT18 33-37
IT19 2-6
IT20 8-12
