16// number of internal lecturers: IT_1, ..., IT_m1
4// number of external lecturers: IT_m1+1, ..., IT_m
15// number of jury: J1, ..., Jn
0 42//
//matrix
	J1	J2	J3	J4	J5	J6	J7	J8	J9	J10	J11	J12	J13	J14	J15
IT1	0	3	3	0	0	0	0	1	0	0	2	0	0	0	0
IT2	0	3	3	0	3	0	1	0	0	3	2	2	2	0	0
IT3	0	0	3	0	0	0	3	0	0	3	0	2	1	0	0
IT4	0	0	0	0	0	0	3	3	0	0	0	2	2	0	0
IT5	3	0	0	3	0	0	0	3	0	0	0	0	0	0	0
IT6	3	0	0	3	0	0	3	3	0	0	0	0	0	0	0
IT7	3	0	0	3	0	0	0	0	0	0	0	0	0	0	0
IT8	3	0	0	0	0	0	2	0	3	0	0	0	0	0	0
IT9	0	0	0	0	0	0	0	0	3	0	0	0	0	0	0
IT10	2	0	0	0	0	2	3	0	0	0	0	0	0	2	0
IT11	2	0	0	0	0	3	0	0	0	0	0	0	0	3	0
IT12	0	0	0	0	0	3	0	0	2	0	3	0	0	3	2
IT13	0	0	0	0	0	1	0	0	0	1	3	0	0	0	3
IT14	0	2	0	0	0	0	0	0	3	0	3	1	0	1	3
IT15	3	2	0	3	2	0	0	0	3	0	0	0	0	2	3
IT16	0	3	0	0	1	2	0	0	0	0	2	0	0	3	1
IT17	1	1	3	3	2	3	0	0	0	3	3	3	0	2	2
IT18	0	2	0	1	0	0	0	3	2	3	1	3	2	3	0
IT19	0	3	3	0	2	3	0	0	3	3	0	3	3	0	2
IT20	0	3	1	0	3	0	3	3	1	0	0	3	3	0	3
//unavailability
IT1 0-4
IT2 0-4
IT3 1-5
IT4 3-7
IT5 12-16
IT6 20-24
IT7 15-19
IT8 6-10
IT9 30-34
IT10 35-39
IT11 38-42
IT12 25-29
IT13 22-26
IT14 13-17
IT15 5-9
IT16 19-23
IT17 14-17
IT18 33-37
IT19 2-6
IT20 8-12
