14// number of internal lecturers: IT_1, ..., IT_m1
6// number of external lecturers: IT_m1+1, ..., IT_m
15// number of jury: J1, ..., Jn
0 42//
//matrix
	J1	J2	J3	J4	J5	J6	J7	J8	J9	J10	J11	J12	J13	J14	J15
IT1	1	0	2	0	0	3	0	2	0	2	0	1	0	0	3
IT2	3	0	2	0	2	3	0	1	0	2	2	0	3	0	0
IT3	0	2	1	0	0	3	0	0	0	0	2	3	3	0	3
IT4	0	2	0	0	0	3	0	0	2	0	0	3	3	0	2
IT5	0	0	0	0	0	0	0	2	0	0	0	3	0	3	2
IT6	0	0	0	0	0	0	0	0	0	0	0	0	0	0	0
IT7	0	0	0	0	0	0	0	0	0	0	0	0	0	3	0
IT8	0	0	0	0	0	2	0	0	0	0	0	0	0	3	0
IT9	0	0	0	0	0	0	0	0	0	0	0	0	0	0	0
IT10	0	0	0	3	0	0	0	0	0	0	0	0	0	0	0
IT11	0	0	0	0	0	0	1	0	3	0	0	0	0	0	0
IT12	0	0	0	1	3	0	0	0	3	3	3	0	0	0	0
IT13	0	3	0	0	0	0	0	0	3	1	3	0	0	0	0
IT14	0	1	0	3	3	0	2	0	0	0	3	0	0	0	0
IT15	0	0	0	2	3	0	3	0	3	0	1	0	0	3	0
IT16	3	0	0	3	2	0	3	0	3	2	2	0	0	3	2
IT17	3	2	2	0	1	1	3	3	0	3	0	0	0	1	3
IT18	3	3	3	0	3	0	0	3	2	3	0	0	3	0	3
IT19	3	3	3	0	0	0	0	2	2	3	3	3	3	0	3
IT20	0	3	0	2	2	3	2	0	1	0	0	3	1	0	1
//unavailability
IT1 0-4 25-29
IT2
IT3
IT4 20-23
IT5
IT6 25-28 34-42
IT7
IT8
IT9
IT10
IT11
IT12 11-16
IT13 41-42
IT14 2-11
IT15
IT16 29-42
IT17 17-25
IT18 28-42
IT19 30-42
IT20 0 18-22
