11// number of internal lecturers: IT_1, ..., IT_m1
9// number of external lecturers: IT_m1+1, ..., IT_m
15// number of jury: J1, ..., Jn
0 42//
//matrix
	J1	J2	J3	J4	J5	J6	J7	J8	J9	J10	J11	J12	J13	J14	J15
IT1	0	0	3	2	0	3	0	3	2	0	3	0	3	3	0
IT2	0	0	1	3	0	3	0	3	0	0	0	0	3	3	3
IT3	0	0	0	3	0	0	0	3	0	0	1	0	0	3	0
IT4	0	0	0	3	0	0	0	0	0	0	0	0	0	0	2
IT5	0	0	0	0	0	0	0	3	0	0	2	0	0	0	0
IT6	1	0	0	0	0	0	0	0	0	0	2	1	0	0	0
IT7	0	0	0	0	0	0	0	3	0	0	2	0	0	0	1
IT8	0	3	0	0	3	0	0	0	0	0	0	0	0	0	0
IT9	0	3	0	0	1	0	0	0	0	1	0	2	0	0	2
IT10	3	1	0	0	0	0	1	0	0	0	0	3	0	0	2
IT11	3	0	0	0	2	0	3	0	3	0	0	3	0	0	0
IT12	3	2	0	0	2	0	0	0	3	0	0	3	0	0	0
IT13	2	2	0	0	3	0	0	0	1	3	0	0	0	0	0
IT14	2	3	0	0	3	0	2	0	0	3	0	0	0	0	0
IT15	2	0	2	0	0	1	3	0	2	3	0	0	0	0	0
IT16	3	0	2	2	0	0	3	0	3	2	0	0	0	3	0
IT17	0	0	0	2	0	0	3	1	3	2	0	0	1	3	0
IT18	0	0	0	3	0	0	0	0	0	2	0	0	0	1	0
IT19	0	0	2	3	0	0	0	0	0	3	0	0	0	0	0
IT20	0	0	3	1	0	0	2	0	2	0	3	0	0	0	3
//unavailability
IT1 0-9 37-41
IT2
IT3 0-4
IT4 41-42
IT5
IT6 36-38
IT7
IT8 5-9
IT9 0-1
IT10
IT11 1-14
IT12 0-8
IT13 16-20 36-42
IT14
IT15 0-4 32-42
IT16 42
IT17 0-4
IT18 0-12
IT19 34-42
IT20 37-42
