15// number of internal lecturers: IT_1, ..., IT_m1
5// number of external lecturers: IT_m1+1, ..., IT_m
15// number of jury: J1, ..., Jn
0 42//
//matrix
	J1	J2	J3	J4	J5	J6	J7	J8	J9	J10	J11	J12	J13	J14	J15
IT1	1	0	0	1	3	0	3	1	0	0	3	0	0	3	3
IT2	0	0	2	0	0	0	0	3	3	0	3	3	3	0	3
IT3	0	0	0	2	0	0	0	3	3	0	0	3	0	1	0
IT4	2	0	0	2	2	0	0	3	3	0	2	0	0	0	2
IT5	2	0	0	2	0	0	0	0	3	0	0	3	0	0	0
IT6	0	0	0	0	0	0	0	0	0	0	3	0	0	0	0
IT7	0	0	0	0	0	0	0	0	0	0	0	0	0	0	0
IT8	0	0	0	0	0	3	0	0	0	0	0	0	0	0	0
IT9	0	0	0	0	0	3	0	0	0	2	0	0	0	0	0
IT10	0	0	0	0	0	1	0	0	0	0	0	0	0	0	0
IT11	0	3	0	0	0	0	0	0	0	1	0	0	0	0	0
IT12	0	3	3	0	0	2	0	0	0	3	0	0	1	0	0
IT13	0	3	3	0	0	2	1	0	0	2	0	0	0	0	0
IT14	0	1	3	0	1	0	0	0	0	0	0	0	0	0	2
IT15	0	2	1	0	0	0	3	0	0	3	0	0	0	2	2
IT16	0	2	2	0	0	3	3	0	0	3	3	0	3	2	3
IT17	0	2	2	0	0	0	3	0	0	3	0	3	3	2	1
IT18	2	3	3	0	2	0	3	3	3	3	0	3	3	0	0
IT19	3	0	0	3	2	2	0	3	1	0	1	1	3	0	3
IT20	3	0	0	3	3	0	0	0	0	0	3	0	0	3	3
//unavailability
IT1 28-33
IT2 4-8
IT3 15-19
IT4 31-36
IT5
IT6 0-1 24-28
IT7
IT8
IT9 38-42
IT10
IT11
IT12 1-6
IT13
IT14 38-42
IT15
IT16
IT17
IT18 15-19
IT19 0-3
IT20
