16// number of internal lecturers: IT_1, ..., IT_m1
4// number of external lecturers: IT_m1+1, ..., IT_m
15// number of jury: J1, ..., Jn
0 42//
//matrix
	J1	J2	J3	J4	J5	J6	J7	J8	J9	J10	J11	J12	J13	J14	J15
IT1	0	3	2	0	2	0	3	3	0	3	0	3	0	3	2
IT2	0	0	0	3	2	3	0	1	3	1	1	3	0	0	0
IT3	0	0	0	3	0	0	1	0	3	0	0	0	0	0	0
IT4	0	0	0	0	0	2	0	0	3	0	2	0	0	0	0
IT5	0	0	0	0	0	0	0	2	0	2	2	0	0	3	0
IT6	0	0	0	0	0	2	0	2	0	2	2	0	0	0	0
IT7	0	0	0	0	0	0	0	2	0	2	0	0	0	0	0
IT8	0	0	0	0	0	0	0	0	0	0	0	0	0	0	0
IT9	3	0	0	0	0	0	0	0	0	0	0	0	0	0	0
IT10	0	0	0	0	0	0	0	0	0	0	0	0	0	0	0
IT11	3	0	3	0	0	0	0	0	0	0	0	0	2	0	3
IT12	3	0	1	0	3	0	0	0	0	0	0	0	3	0	3
IT13	2	0	0	0	3	0	0	0	0	0	0	0	1	0	3
IT14	0	3	3	0	3	0	0	0	0	0	0	0	0	0	0
IT15	3	3	3	0	0	3	2	0	0	0	0	0	0	3	3
IT16	3	3	0	0	1	3	2	0	0	0	0	3	2	1	1
IT17	1	1	3	1	2	3	2	0	0	0	0	3	3	0	3
IT18	0	0	0	0	3	1	0	0	3	0	0	1	3	0	0
IT19	0	0	2	0	0	2	0	0	3	0	3	3	3	3	0
IT20	0	3	0	0	3	3	3	3	1	3	3	0	3	3	2
//unavailability
IT1 36-42
IT2 20-24
IT3
IT4 0-3
IT5 36-42
IT6
IT7
IT8
IT9 0-3
IT10
IT11
IT12
IT13
IT14 21-26
IT15
IT16
IT17 23-27
IT18
IT19 0-5
IT20 38-42
