16// number of internal lecturers: IT_1, ..., IT_m1
4// number of external lecturers: IT_m1+1, ..., IT_m
15// number of jury: J1, ..., Jn
0 42//X=0 Y=@!
//matrix
	J1	J2	J3	J4	J5	J6	J7	J8	J9	J10	J11	J12	J13	J14	J15
IT1	3	3	3	3	3	3	3	1	3	3	2	3	3	3	3
IT2	3	3	3	3	3	3	1	3	3	3	2	2	2	3	3
IT3	3	3	3	3	3	3	3	3	3	3	3	2	1	3	3
IT4	3	3	3	3	3	3	3	3	3	3	3	2	2	3	3
IT5	3	3	3	3	3	3	3	3	3	3	3	3	3	3	3
IT6	3	3	3	3	3	3	3	3	3	3	3	3	3	3	3
IT7	3	3	3	3	3	3	3	3	3	3	3	3	3	3	3
IT8	3	3	3	3	3	3	2	3	3	3	3	3	3	3	3
IT9	3	3	3	3	3	3	3	3	3	3	3	3	3	3	3
IT10	2	3	3	3	3	2	3	3	3	3	3	3	3	2	3
IT11	2	3	3	3	3	3	3	3	3	3	3	3	3	3	3
IT12	3	3	3	3	3	3	3	3	2	3	3	3	3	3	2
IT13	3	3	3	3	3	1	3	3	3	1	3	3	3	3	3
IT14	3	2	3	3	3	3	3	3	3	3	3	1	3	1	3
IT15	3	2	3	3	2	3	3	3	3	3	3	3	3	2	3
IT16	3	3	3	3	1	2	3	3	3	3	2	3	3	3	1
IT17	1	1	3	3	2	3	3	3	3	3	3	3	3	2	2
IT18	3	2	3	1	3	3	3	3	2	3	1	3	2	3	3
IT19	3	3	3	3	2	3	3	3	3	3	3	3	3	3	2
IT20	3	3	1	3	3	3	3	3	1	3	3	3	3	3	3
//unavailability
IT1 0-12
IT2 0-12
IT3 1-13
IT4 3-15
IT5 12-24
IT6 20-32
IT7 15-27
IT8 6-18
IT9 30-42
IT10 31-42
IT11 31-42
IT12 25-37
IT13 22-34
IT14 13-25
IT15 5-21
IT16 19-31
IT17 14-25
IT18 29-41
IT19 2-14
IT20 8-20
