18// number of internal lecturers: IT_1, ..., IT_m1
2// number of external lecturers: IT_m1+1, ..., IT_m
15// number of jury: J1, ..., Jn
0 42//
//matrix
	J1	J2	J3	J4	J5	J6	J7	J8	J9	J10	J11	J12	J13	J14	J15
IT1	1	3	0	3	3	0	0	0	0	1	0	0	0	0	0
IT2	0	3	0	1	0	3	0	3	3	3	0	3	0	3	1
IT3	0	0	2	0	3	0	0	0	3	2	3	0	0	3	0
IT4	2	0	0	2	0	1	0	0	3	0	3	3	0	0	0
IT5	2	2	0	2	0	0	0	3	0	2	3	3	0	3	0
IT6	0	3	0	2	0	0	0	3	3	2	0	3	0	0	3
IT7	0	0	0	0	0	0	0	0	0	0	0	0	0	0	2
IT8	0	0	0	0	0	0	2	2	0	0	0	0	0	0	0
IT9	0	0	0	0	0	0	2	0	0	0	0	0	0	0	0
IT10	0	0	0	0	0	0	0	0	0	0	0	0	2	0	0
IT11	0	0	0	0	0	0	0	0	0	0	0	0	3	0	0
IT12	0	0	0	0	0	0	0	0	0	0	0	0	3	0	0
IT13	0	0	3	0	0	0	1	0	0	0	0	0	3	0	0
IT14	0	0	3	0	2	0	3	0	0	0	0	0	0	0	0
IT15	0	0	3	0	2	0	0	0	0	0	0	0	0	0	0
IT16	0	3	3	0	1	2	2	1	0	0	0	0	2	0	0
IT17	0	1	2	0	3	2	3	0	0	0	0	0	3	3	0
IT18	2	0	3	0	2	2	3	3	0	0	3	0	3	3	0
IT19	3	0	1	0	3	3	3	0	3	0	3	3	1	1	0
IT20	3	3	0	3	3	0	0	3	1	3	1	1	0	0	3
//unavailability
IT1
IT2 35-42
IT3 0-11 39-42
IT4
IT5 1-5 11-15
IT6
IT7 0 7-11
IT8 1-16
IT9
IT10 0-3
IT11 5-10
IT12 0-2
IT13
IT14
IT15 0-1 29-42
IT16
IT17 0-6 33-42
IT18 0
IT19
IT20 1-6 12-22
