12// number of internal lecturers: IT_1, ..., IT_m1
8// number of external lecturers: IT_m1+1, ..., IT_m
20// number of jury: J1, ..., Jn
0 42//
//matrix
	J1	J2	J3	J4	J5	J6	J7	J8	J9	J10	J11	J12	J13	J14	J15	J16	J17	J18	J19	J20
IT1	0	0	0	0	3	0	2	0	3	3	0	0	0	3	0	1	3	1	1	0
IT2	3	0	1	0	1	0	0	3	1	0	0	0	3	3	0	0	0	0	0	0
IT3	0	0	3	0	0	0	0	0	0	0	0	0	3	3	0	3	0	0	0	0
IT4	2	0	0	0	2	0	0	2	0	2	0	0	3	3	0	0	0	0	0	0
IT5	0	0	0	0	2	0	0	0	0	0	0	0	0	0	0	3	0	0	0	0
IT6	0	0	0	0	0	0	0	3	0	0	0	0	0	0	0	3	0	2	0	0
IT7	0	3	0	0	0	3	0	0	0	0	0	0	0	0	0	0	0	3	0	0
IT8	0	3	0	3	0	1	0	0	0	0	0	2	0	0	0	0	2	0	0	0
IT9	0	3	0	1	0	0	0	0	0	0	0	3	0	0	0	0	0	0	0	2
IT10	0	0	0	0	0	2	0	0	2	0	3	3	0	0	0	0	2	0	0	3
IT11	0	2	0	2	0	2	3	0	2	0	3	3	0	0	0	0	2	0	0	3
IT12	0	3	0	2	0	3	0	0	0	0	3	0	0	0	3	0	0	0	0	3
IT13	0	1	0	3	0	0	1	0	0	0	3	0	0	0	3	0	0	0	2	0
IT14	2	0	0	0	0	3	0	0	0	3	2	3	0	0	3	0	0	0	2	2
IT15	2	0	0	3	0	0	2	0	0	3	2	3	0	0	1	0	1	0	3	3
IT16	3	0	3	0	0	0	3	3	0	3	1	1	0	0	2	0	0	0	0	3
IT17	3	0	3	0	0	0	3	0	0	1	3	0	3	3	2	0	0	0	0	1
IT18	1	0	3	0	0	0	3	1	0	2	0	0	3	1	3	0	3	0	0	0
IT19	3	0	3	0	2	0	2	3	2	2	0	0	0	0	2	3	3	0	3	0
IT20	3	0	0	0	3	0	0	3	3	3	2	0	1	0	0	3	3	3	0	0
//unavailability
IT1 0
IT2 1-5
IT3 39-42
IT4
IT5
IT6
IT7
IT8
IT9 0
IT10 32-36
IT11 30-31
IT12
IT13
IT14 0-2 18-22
IT15
IT16
IT17
IT18 1-5
IT19
IT20 0-7
