13// number of internal lecturers: IT_1, ..., IT_m1
7// number of external lecturers: IT_m1+1, ..., IT_m
20// number of jury: J1, ..., Jn
0 42//
//matrix
	J1	J2	J3	J4	J5	J6	J7	J8	J9	J10	J11	J12	J13	J14	J15	J16	J17	J18	J19	J20
IT1	0	2	0	2	0	0	0	0	3	2	0	2	0	3	0	2	0	0	3	0
IT2	0	0	3	0	0	3	3	0	0	0	0	0	0	3	0	2	0	3	0	0
IT3	0	2	0	0	3	3	3	0	3	0	0	0	0	3	0	0	3	3	0	0
IT4	0	0	3	0	3	3	3	0	2	0	0	0	0	0	0	0	3	3	0	0
IT5	0	0	0	0	3	3	0	0	2	1	0	0	0	0	0	0	0	3	0	0
IT6	0	0	0	0	3	0	0	0	2	0	0	0	0	2	0	0	0	0	0	1
IT7	0	0	0	0	0	0	2	0	0	0	0	0	2	3	0	0	0	0	0	0
IT8	0	0	0	0	0	0	3	0	0	0	0	0	3	0	0	0	0	0	0	0
IT9	1	0	0	0	0	0	0	2	0	0	2	0	0	0	1	0	0	0	0	3
IT10	0	0	0	0	0	0	0	3	0	0	2	0	0	0	0	0	0	0	0	3
IT11	2	0	0	3	0	0	0	3	0	0	3	3	3	0	0	1	0	0	0	0
IT12	3	0	0	3	0	0	0	0	0	0	3	3	3	0	2	3	0	0	0	0
IT13	3	3	0	3	0	0	0	3	0	0	0	1	3	0	3	0	0	0	2	2
IT14	0	0	0	3	0	0	0	3	0	0	0	0	1	0	3	0	0	0	3	3
IT15	3	1	0	0	0	0	0	1	1	3	3	2	0	0	3	2	0	0	3	3
IT16	2	2	0	3	0	0	0	0	3	0	3	3	0	0	0	3	0	2	3	0
IT17	2	3	0	0	0	0	0	0	0	3	1	3	0	3	0	3	3	2	1	2
IT18	0	3	0	1	0	3	3	0	0	0	3	0	0	1	0	3	3	1	2	0
IT19	3	3	0	0	3	1	1	0	3	2	0	0	0	0	2	0	3	3	2	0
IT20	0	0	1	2	1	0	0	0	3	0	0	2	0	0	0	0	1	2	3	0
//unavailability
IT1 29-42
IT2
IT3 1-5
IT4 0-10 38-42
IT5 0-9
IT6 2-6 33-42
IT7
IT8 7-11 33-42
IT9
IT10 0-8 36-42
IT11 0
IT12 24-34 42
IT13 25-29 35-40
IT14 40-42
IT15
IT16
IT17
IT18 0-2 8-20
IT19
IT20 0-7 17-20 26-29
