15// number of internal lecturers: IT_1, ..., IT_m1
5// number of external lecturers: IT_m1+1, ..., IT_m
20// number of jury: J1, ..., Jn
0 42//
//matrix
	J1	J2	J3	J4	J5	J6	J7	J8	J9	J10	J11	J12	J13	J14	J15	J16	J17	J18	J19	J20
IT1	0	0	0	3	3	0	0	3	0	2	0	3	0	3	0	2	3	3	0	3
IT2	0	3	3	3	2	0	0	0	0	0	0	2	0	2	2	0	1	3	0	0
IT3	0	1	3	0	2	0	0	0	1	2	2	0	0	0	0	0	0	0	0	0
IT4	0	0	3	0	0	0	0	0	0	0	2	0	0	2	0	0	0	2	0	0
IT5	2	0	3	0	2	0	2	0	0	0	0	2	0	0	0	0	0	0	0	0
IT6	2	0	0	0	0	0	2	0	0	0	0	0	0	0	0	0	0	3	0	2
IT7	0	0	0	0	0	0	0	0	0	0	0	0	0	0	0	0	0	0	0	0
IT8	2	0	0	0	0	0	1	0	3	0	0	0	0	0	0	0	0	0	2	0
IT9	0	0	0	2	0	0	0	0	3	0	0	2	0	0	0	0	2	0	0	0
IT10	0	0	0	0	0	0	0	0	0	0	0	0	3	0	0	0	2	0	3	0
IT11	0	0	0	2	0	3	0	0	0	0	0	0	3	0	0	3	0	1	1	0
IT12	3	0	0	0	0	1	3	2	0	0	0	0	1	0	0	0	2	0	0	0
IT13	1	0	0	2	0	3	0	2	0	3	0	0	2	0	3	1	0	0	0	0
IT14	0	0	0	0	0	0	3	3	2	0	3	0	2	3	3	0	0	0	3	1
IT15	0	0	0	3	3	2	3	3	2	1	3	3	3	3	1	3	0	0	3	3
IT16	3	0	0	1	0	3	2	0	0	0	3	1	3	1	2	3	0	0	3	2
IT17	3	2	0	0	3	2	0	1	0	2	1	3	0	0	2	3	0	0	0	0
IT18	3	2	0	0	3	3	3	2	3	3	2	0	0	2	3	0	0	0	2	2
IT19	0	2	3	3	3	3	0	3	0	3	3	3	0	3	3	2	0	0	0	3
IT20	0	3	1	0	1	0	0	3	2	3	3	3	0	3	0	0	3	3	0	3
//unavailability
IT1 26-42
IT2 11-26
IT3 29-33
IT4
IT5
IT6 0 3-7
IT7
IT8
IT9 11-27
IT10
IT11 26-42
IT12 0-3
IT13 0-2 25-29
IT14
IT15
IT16
IT17 8-23
IT18
IT19 30-42
IT20 26-42
