16// number of internal lecturers: IT_1, ..., IT_m1
4// number of external lecturers: IT_m1+1, ..., IT_m
20// number of jury: J1, ..., Jn
0 42//
//matrix
	J1	J2	J3	J4	J5	J6	J7	J8	J9	J10	J11	J12	J13	J14	J15	J16	J17	J18	J19	J20
IT1	0	0	3	3	0	2	0	3	3	3	3	2	0	3	3	2	2	2	0	2
IT2	3	0	3	3	2	0	0	0	1	3	3	0	0	1	0	0	0	2	3	2
IT3	3	0	0	0	2	0	0	0	0	0	0	2	3	0	2	0	0	0	3	0
IT4	0	0	2	0	2	0	0	0	0	0	0	2	3	0	2	0	0	0	3	0
IT5	0	0	2	0	0	0	0	2	0	0	0	0	3	2	0	0	0	0	0	0
IT6	0	0	2	0	0	0	0	0	0	0	0	0	0	2	0	0	0	0	0	3
IT7	0	0	0	0	0	0	0	0	0	0	0	0	0	0	0	0	0	0	0	1
IT8	0	0	0	0	0	0	0	0	0	0	0	0	0	0	0	0	0	0	0	0
IT9	0	0	0	0	0	0	0	0	0	0	0	0	0	0	0	0	0	0	0	0
IT10	0	2	0	0	0	0	0	0	0	0	0	0	0	0	0	0	0	0	0	0
IT11	0	3	0	0	0	3	2	0	0	0	0	0	0	0	0	3	1	3	0	0
IT12	0	3	0	0	0	3	2	0	0	0	1	0	0	0	0	3	0	3	0	0
IT13	0	0	0	0	0	1	3	0	0	2	0	3	0	0	1	3	0	0	0	0
IT14	0	1	0	2	3	0	1	0	0	2	0	0	0	0	0	3	3	1	0	0
IT15	0	2	0	3	1	2	0	3	2	1	0	1	0	0	0	3	3	0	0	0
IT16	0	2	3	2	0	2	2	3	2	3	3	0	0	0	0	0	3	0	0	0
IT17	3	3	1	3	0	3	3	1	0	0	3	3	0	0	3	2	3	3	0	3
IT18	3	3	0	1	3	3	3	2	0	0	3	0	3	0	2	1	0	3	3	3
IT19	1	0	3	2	3	0	3	2	2	2	0	3	3	2	3	0	0	0	3	0
IT20	3	0	3	3	3	0	0	3	3	3	0	3	1	3	3	0	2	2	1	2
//unavailability
IT1 0-5 22-26
IT2 0-12 40-42
IT3
IT4
IT5 10-19
IT6 20-24
IT7
IT8 13-17 35-42
IT9
IT10 39-42
IT11 0-6 22-31
IT12
IT13 41-42
IT14 0-1
IT15 4-14 38-42
IT16
IT17 17-31
IT18 0-3 35-42
IT19 0-13 41-42
IT20
