13// number of internal lecturers: IT_1, ..., IT_m1
7// number of external lecturers: IT_m1+1, ..., IT_m
25// number of jury: J1, ..., Jn
0 42//
//matrix
	J1	J2	J3	J4	J5	J6	J7	J8	J9	J10	J11	J12	J13	J14	J15	J16	J17	J18	J19	J20	J21	J22	J23	J24	J25
IT1	0	3	0	0	0	2	0	0	3	0	2	3	3	0	0	3	0	0	0	3	3	0	3	0	3
IT2	0	3	0	0	0	0	0	0	3	0	0	3	3	0	0	3	0	0	0	3	0	0	3	0	1
IT3	0	0	0	0	0	0	0	0	3	0	0	3	0	0	0	0	0	0	0	0	0	0	3	0	0
IT4	0	0	0	0	0	0	0	0	0	0	0	0	0	0	3	0	0	0	0	0	0	0	0	0	0
IT5	0	2	0	0	0	0	0	0	0	0	0	2	2	0	0	3	0	0	0	0	0	0	0	0	0
IT6	0	3	0	0	0	0	0	0	0	0	0	2	2	0	3	3	0	0	0	0	0	0	0	0	0
IT7	0	0	0	0	0	0	2	0	0	0	0	2	0	0	3	0	0	0	0	0	0	0	0	0	0
IT8	2	0	0	3	0	0	3	0	0	3	0	0	0	0	3	0	3	0	2	0	0	0	0	3	0
IT9	3	0	0	3	2	0	1	0	0	3	0	0	0	0	0	0	3	0	3	0	0	0	0	1	0
IT10	3	0	2	3	3	0	0	3	0	1	0	0	0	0	3	0	3	0	0	0	0	0	0	0	0
IT11	3	0	3	1	3	3	0	3	0	3	1	0	0	0	0	0	1	0	3	0	0	0	0	0	0
IT12	0	0	2	2	3	3	2	1	0	2	3	0	0	0	0	0	0	3	3	0	0	3	0	0	0
IT13	0	0	3	2	0	1	3	0	0	2	0	0	0	3	0	0	2	3	3	0	0	3	0	2	0
IT14	3	0	1	3	0	2	3	2	0	3	0	0	0	3	2	0	0	3	1	2	3	3	0	3	0
IT15	1	0	3	0	3	2	0	3	0	0	2	0	0	3	0	0	3	2	0	3	3	1	0	3	2
IT16	0	3	2	0	3	3	0	3	0	0	0	0	3	2	0	1	0	2	0	1	3	2	3	0	0
IT17	0	1	3	0	1	3	0	0	3	0	3	3	3	2	0	0	0	3	0	3	3	2	3	0	2
IT18	0	0	0	0	0	0	0	0	3	0	3	1	1	3	0	0	0	3	0	2	0	2	0	0	2
IT19	0	0	0	0	0	0	0	0	1	0	3	0	2	3	0	0	2	1	0	0	0	3	1	2	0
IT20	0	3	0	0	0	0	0	2	0	0	2	3	3	1	1	3	0	0	0	3	1	0	0	0	3
//unavailability
IT1
IT2
IT3
IT4
IT5 42
IT6 40-42
IT7 0-4
IT8
IT9
IT10
IT11 0-6
IT12
IT13 0-4 40-42
IT14 39-40
IT15
IT16 22-24 26-30
IT17 9-13
IT18 0-3
IT19 22-26
IT20
