17// number of internal lecturers: IT_1, ..., IT_m1
3// number of external lecturers: IT_m1+1, ..., IT_m
25// number of jury: J1, ..., Jn
0 42//
//matrix
	J1	J2	J3	J4	J5	J6	J7	J8	J9	J10	J11	J12	J13	J14	J15	J16	J17	J18	J19	J20	J21	J22	J23	J24	J25
IT1	0	0	0	0	0	0	3	2	3	0	3	0	0	3	3	3	1	1	3	2	3	3	3	2	0
IT2	0	2	0	2	1	0	3	0	3	0	1	3	0	0	3	0	0	2	3	0	3	3	3	0	0
IT3	0	1	0	2	0	0	3	0	3	0	0	3	3	0	3	2	0	3	0	2	0	3	3	0	0
IT4	0	2	2	2	2	3	0	0	3	0	0	0	3	2	0	1	3	0	0	0	0	0	0	0	0
IT5	0	0	0	0	0	3	0	2	0	0	0	0	3	2	2	2	3	3	0	0	0	0	0	0	0
IT6	0	0	0	0	3	3	0	0	0	0	0	0	3	0	2	0	3	3	0	0	0	2	3	2	0
IT7	0	0	0	0	0	0	0	0	0	0	0	0	0	0	2	0	0	2	0	0	2	3	0	0	0
IT8	0	0	0	0	0	0	0	0	0	0	0	0	0	0	0	0	0	0	0	0	0	0	0	3	0
IT9	0	0	0	0	0	0	0	0	0	0	0	0	0	0	0	0	0	0	2	0	0	0	0	1	0
IT10	3	0	0	0	0	0	0	0	0	1	0	0	0	0	0	0	0	0	2	0	0	0	2	0	2
IT11	3	0	0	0	0	0	0	3	0	0	0	0	0	0	0	0	0	0	3	0	0	0	0	0	3
IT12	3	0	0	0	0	0	0	0	0	2	0	0	0	0	0	0	0	0	0	0	0	0	0	0	1
IT13	0	0	0	0	0	0	0	3	0	2	0	0	0	0	0	0	0	0	0	3	2	0	0	0	0
IT14	0	0	3	1	0	0	0	0	0	3	0	0	0	0	0	0	0	0	0	3	2	0	0	0	0
IT15	3	0	1	0	0	0	0	1	0	3	0	0	0	1	0	0	0	0	0	3	3	0	0	0	2
IT16	2	0	3	0	0	0	3	0	0	0	0	3	0	0	0	0	0	0	3	3	1	1	1	2	3
IT17	3	2	2	3	0	0	3	3	3	3	0	3	0	0	3	0	0	2	1	2	0	0	0	0	3
IT18	0	0	2	3	0	3	0	3	1	2	0	3	0	0	1	2	0	3	0	0	0	0	0	3	3
IT19	1	3	3	3	0	3	1	2	0	3	0	1	3	2	0	0	3	3	0	3	3	0	0	0	0
IT20	0	3	3	3	3	1	0	0	0	3	3	0	1	3	3	3	3	0	3	1	3	3	3	3	2
//unavailability
IT1
IT2 7-11 33-42
IT3 8-12 40-42
IT4 24-34 40-42
IT5 0-10
IT6 0-6 34-39
IT7 0-12
IT8
IT9 30-34
IT10 0-6
IT11
IT12
IT13
IT14
IT15 4-8
IT16 8-13 19-23
IT17 0-1
IT18 19-23
IT19
IT20 19-23
