15// number of internal lecturers: IT_1, ..., IT_m1
5// number of external lecturers: IT_m1+1, ..., IT_m
20// number of jury: J1, ..., Jn
0 42//
//matrix
	J1	J2	J3	J4	J5	J6	J7	J8	J9	J10	J11	J12	J13	J14	J15	J16	J17	J18	J19	J20
IT1	3	0	3	1	0	3	3	3	0	0	0	3	2	0	0	3	0	0	0	0
IT2	0	3	3	0	0	0	1	3	0	0	0	0	0	0	2	3	0	2	0	3
IT3	2	0	0	0	0	0	0	3	3	0	0	0	0	0	0	3	0	2	0	0
IT4	2	3	0	0	0	0	2	0	3	0	0	2	0	0	0	0	0	0	0	3
IT5	2	3	0	0	0	0	0	3	0	0	0	2	0	0	0	2	0	0	0	3
IT6	0	3	0	0	2	0	2	0	0	0	0	0	0	0	0	3	0	0	0	2
IT7	0	0	0	0	0	0	0	2	0	0	0	0	0	0	0	3	0	0	0	0
IT8	0	3	0	0	0	0	0	0	0	0	0	0	0	0	0	0	0	0	0	3
IT9	0	0	0	0	0	0	0	3	0	0	3	0	0	0	0	0	2	0	0	0
IT10	0	0	0	0	0	0	0	0	0	0	3	0	0	0	0	0	3	0	3	0
IT11	0	0	0	0	3	0	0	0	0	0	3	1	3	2	0	0	3	0	3	0
IT12	0	0	0	0	1	2	0	0	0	0	1	0	3	3	3	0	0	0	1	0
IT13	0	0	0	0	3	2	0	0	0	3	2	0	1	1	1	0	0	3	0	0
IT14	0	0	0	3	2	3	0	0	0	3	2	0	3	3	3	0	3	3	2	0
IT15	3	0	3	3	3	3	0	0	0	3	2	3	2	0	0	0	3	3	2	0
IT16	0	0	3	3	0	3	0	0	0	3	3	3	2	2	2	0	1	0	3	0
IT17	3	0	3	3	3	1	0	0	3	2	0	3	3	3	3	1	0	2	3	0
IT18	1	1	1	2	0	2	0	0	3	2	0	0	0	3	3	0	0	3	0	3
IT19	3	0	0	3	0	3	2	1	3	3	0	2	0	3	0	0	0	1	0	0
IT20	3	0	0	2	0	0	3	0	1	1	0	3	0	0	2	0	0	0	2	1
//unavailability
IT1 1-7 27-31 37-42
IT2 0-6 23-33
IT3 0-2 24-42
IT4 2-6 23-42
IT5 0-3
IT6 6-12 39-42
IT7 0-2 24-42
IT8 14-34
IT9 10-31
IT10 8-18
IT11 0-4
IT12 0-6 23-27
IT13 7-17
IT14 3-26
IT15
IT16 0-6 33-42
IT17
IT18 34-38
IT19 20-24
IT20 0-6 34-42
