17// number of internal lecturers: IT_1, ..., IT_m1
3// number of external lecturers: IT_m1+1, ..., IT_m
25// number of jury: J1, ..., Jn
0 42//
//matrix
	J1	J2	J3	J4	J5	J6	J7	J8	J9	J10	J11	J12	J13	J14	J15	J16	J17	J18	J19	J20	J21	J22	J23	J24	J25
IT1	0	3	1	0	0	0	0	0	1	3	0	0	3	3	0	0	0	3	3	1	0	0	2	2	2
IT2	3	0	0	0	3	2	3	0	0	3	3	3	2	3	3	2	0	2	0	0	3	0	2	0	0
IT3	0	0	0	2	3	2	3	0	0	0	0	3	2	3	3	0	0	2	0	3	3	0	0	3	0
IT4	3	0	0	2	3	2	0	0	2	2	3	0	3	0	3	0	0	0	0	3	3	0	0	3	0
IT5	2	0	3	0	0	0	0	0	2	2	2	0	0	0	0	0	0	0	0	3	3	0	0	3	0
IT6	3	0	0	0	0	0	0	0	0	2	3	0	3	3	0	0	0	0	0	3	0	0	2	0	0
IT7	0	0	0	0	0	0	0	0	0	0	3	0	3	0	0	0	2	0	0	0	0	0	0	2	0
IT8	3	0	0	0	0	0	0	0	0	0	3	0	2	0	0	0	0	0	0	0	0	0	0	2	0
IT9	0	0	0	0	0	0	0	0	0	0	0	0	0	0	0	0	0	2	0	0	0	0	0	0	0
IT10	0	0	0	0	0	0	0	0	0	0	0	0	0	0	0	0	0	0	0	0	0	0	0	0	0
IT11	0	0	0	0	0	0	0	0	0	0	0	0	0	0	0	0	3	0	0	0	0	2	0	0	0
IT12	0	0	0	0	0	0	1	3	0	0	0	0	0	0	0	3	3	0	0	0	0	0	3	0	1
IT13	0	0	0	0	0	0	0	3	0	0	0	0	0	0	0	3	1	0	2	0	0	2	3	0	3
IT14	0	3	0	3	0	1	0	3	0	0	0	2	0	0	0	3	0	0	3	0	0	1	1	0	0
IT15	0	3	0	1	0	0	0	1	0	0	0	3	0	0	0	3	2	3	1	0	0	2	0	0	2
IT16	0	3	0	0	0	3	3	2	0	3	0	1	0	1	0	2	2	3	2	0	0	0	0	0	3
IT17	0	1	0	2	0	0	0	2	0	1	0	3	0	0	0	2	3	0	2	0	0	3	0	0	3
IT18	3	0	0	3	3	3	3	2	2	3	1	0	0	2	3	1	3	1	0	0	3	3	3	3	3
IT19	0	0	3	3	3	3	3	3	3	0	0	2	3	0	1	3	0	3	3	0	1	3	0	1	0
IT20	1	3	0	3	1	3	0	0	3	3	0	3	1	3	3	0	0	3	3	3	0	3	3	3	2
//unavailability
IT1 17-22 39-42
IT2 0-11 39-42
IT3 22-42
IT4 21-41
IT5
IT6 3-18
IT7 0-20
IT8 0-19
IT9 3-7 40-42
IT10 0-5 28-42
IT11 6-15 42
IT12 6-7 9-14
IT13 0-6
IT14 4-19
IT15 0-11 28-29 33-42
IT16 0-4
IT17
IT18
IT19
IT20 0-10 17-21 38-42
