16// number of internal lecturers: IT_1, ..., IT_m1
4// number of external lecturers: IT_m1+1, ..., IT_m
25// number of jury: J1, ..., Jn
0 42//
//matrix
	J1	J2	J3	J4	J5	J6	J7	J8	J9	J10	J11	J12	J13	J14	J15	J16	J17	J18	J19	J20	J21	J22	J23	J24	J25
IT1	0	0	3	0	3	3	3	2	1	0	0	0	3	1	0	0	3	3	0	3	2	2	0	0	0
IT2	0	0	3	3	1	3	0	0	0	0	0	0	3	3	0	3	2	3	0	2	2	2	0	3	0
IT3	0	0	0	3	0	0	2	0	2	0	0	0	3	2	0	3	2	3	0	0	0	0	0	3	0
IT4	1	0	0	3	0	0	2	0	2	0	2	0	0	0	0	0	0	0	0	0	0	0	3	3	0
IT5	0	0	0	3	0	0	0	0	0	0	0	0	0	2	0	2	2	0	0	0	0	0	0	3	2
IT6	0	0	0	0	0	0	0	0	0	0	0	0	0	0	0	2	0	0	0	0	0	0	0	0	0
IT7	0	0	0	0	0	0	0	0	0	0	0	0	0	0	0	2	0	0	0	0	0	0	0	0	2
IT8	0	2	0	0	0	0	0	0	0	0	0	0	0	0	0	0	0	0	0	2	0	0	0	0	2
IT9	0	2	0	0	0	2	0	0	0	0	0	0	0	0	0	0	0	0	2	1	0	0	0	0	0
IT10	0	1	0	0	2	0	0	0	0	0	1	3	0	0	0	3	0	0	2	0	0	2	0	0	0
IT11	0	0	0	0	2	2	0	3	0	2	0	3	0	0	0	0	0	0	3	0	0	0	0	0	0
IT12	0	0	1	0	2	3	0	0	0	2	0	1	0	0	2	1	0	0	0	0	0	3	0	0	0
IT13	3	0	0	0	0	0	0	3	0	3	0	0	0	0	3	0	0	0	3	0	3	0	0	0	3
IT14	3	3	0	0	0	0	3	3	0	3	3	2	0	0	3	0	0	0	0	0	1	3	1	0	0
IT15	3	0	0	0	0	0	1	3	0	1	3	3	0	0	3	0	3	0	3	0	0	1	0	0	3
IT16	3	3	3	0	0	1	0	2	0	2	3	2	0	0	1	0	3	0	3	0	0	0	0	0	0
IT17	3	2	3	0	0	0	3	3	0	3	2	3	3	0	2	0	1	3	3	0	2	0	0	0	1
IT18	0	3	3	3	0	0	2	1	2	0	2	0	3	0	2	0	0	3	1	0	3	0	3	0	0
IT19	2	3	0	1	0	3	3	0	3	3	3	0	1	2	3	0	3	1	0	2	3	3	3	3	3
IT20	2	3	0	0	3	3	0	0	3	0	3	0	0	3	3	3	3	0	0	3	3	3	3	1	3
//unavailability
IT1
IT2
IT3
IT4 0-3 30-42
IT5 0-2
IT6 9-13 33-42
IT7
IT8
IT9
IT10 20-29 40-42
IT11
IT12 25-29 35-39
IT13
IT14 0 27-41
IT15
IT16
IT17 19-34
IT18 11-15
IT19 35-42
IT20 18-34
