14// number of internal lecturers: IT_1, ..., IT_m1
6// number of external lecturers: IT_m1+1, ..., IT_m
25// number of jury: J1, ..., Jn
0 42//
//matrix
	J1	J2	J3	J4	J5	J6	J7	J8	J9	J10	J11	J12	J13	J14	J15	J16	J17	J18	J19	J20	J21	J22	J23	J24	J25
IT1	3	1	3	0	1	1	0	0	0	3	3	0	0	2	3	3	0	0	0	2	3	0	3	0	3
IT2	0	0	0	0	0	0	0	0	0	2	0	0	0	2	1	0	0	0	2	2	0	0	0	0	3
IT3	0	0	0	0	0	0	3	0	3	0	3	0	0	0	0	0	3	0	0	0	0	0	0	3	3
IT4	0	3	0	0	3	3	1	0	3	2	3	3	0	0	0	0	3	0	0	0	2	0	0	3	3
IT5	0	3	2	1	3	3	0	0	3	2	3	3	0	0	0	2	3	0	0	0	0	0	3	3	0
IT6	0	3	0	0	3	3	0	0	0	0	0	3	0	0	0	2	0	0	0	0	0	0	0	3	0
IT7	0	0	0	0	3	3	0	0	0	0	0	0	1	0	0	0	3	0	0	0	0	0	0	0	0
IT8	0	0	0	0	0	0	0	0	0	0	0	0	0	0	0	0	0	0	0	0	0	0	0	0	0
IT9	0	0	0	0	0	0	0	0	0	0	0	0	0	0	0	0	2	1	0	0	0	0	0	0	0
IT10	0	0	0	0	0	0	0	1	0	0	0	0	0	0	0	0	3	0	0	0	0	2	0	0	0
IT11	0	0	0	0	0	0	0	0	0	0	0	0	3	0	0	0	0	0	0	0	0	2	0	0	0
IT12	0	0	0	0	0	0	0	0	0	0	0	0	0	1	0	0	0	0	3	3	0	3	0	0	0
IT13	0	0	0	0	0	0	0	2	0	0	0	0	3	0	0	0	0	3	3	3	0	1	0	0	0
IT14	3	0	1	2	0	0	0	3	0	3	0	0	3	0	2	0	0	3	3	1	3	0	0	0	0
IT15	3	0	0	2	0	0	0	3	0	0	0	0	2	3	2	0	0	3	1	0	3	2	1	0	0
IT16	1	0	0	3	0	0	0	3	0	1	0	3	2	3	0	1	0	0	2	2	3	0	0	0	0
IT17	0	0	2	3	0	0	2	0	0	0	0	3	2	3	2	0	0	0	2	3	1	3	0	0	0
IT18	0	0	2	0	0	0	2	0	3	3	0	0	3	3	0	0	0	2	3	3	2	3	0	0	1
IT19	0	3	3	0	0	0	2	0	3	3	3	1	0	0	0	2	0	2	0	0	2	3	3	1	3
IT20	3	3	0	2	3	3	3	2	1	3	1	0	0	0	3	3	1	0	0	0	3	0	3	3	0
//unavailability
IT1 42
IT2 0-8 31-42
IT3 20-25 31-41
IT4 0-12 34-42
IT5 0-11
IT6
IT7 19-23
IT8 0-19 36-40
IT9 0-10
IT10
IT11 0-18 40-42
IT12 9-14
IT13 24-42
IT14 16-31
IT15 25-42
IT16
IT17 0-1 7-23
IT18
IT19 33-42
IT20 0
