16// number of internal lecturers: IT_1, ..., IT_m1
4// number of external lecturers: IT_m1+1, ..., IT_m
20// number of jury: J1, ..., Jn
0 42//
//matrix
	J1	J2	J3	J4	J5	J6	J7	J8	J9	J10	J11	J12	J13	J14	J15	J16	J17	J18	J19	J20
IT1	0	3	3	0	1	0	0	2	0	0	0	2	0	0	0	1	3	2	2	0
IT2	0	1	1	2	0	0	0	0	3	2	0	1	0	2	0	0	0	3	0	0
IT3	0	0	0	2	3	0	0	0	1	0	2	0	0	2	0	0	2	3	0	0
IT4	0	0	2	0	0	0	0	0	0	0	0	0	0	2	0	0	0	0	0	0
IT5	0	2	2	0	3	0	0	0	0	0	0	0	2	0	0	0	2	3	0	0
IT6	0	2	2	0	3	0	0	0	0	0	0	0	2	0	0	0	0	0	0	0
IT7	0	2	0	0	3	0	0	0	0	0	3	0	1	0	0	0	0	2	0	0
IT8	2	0	0	0	0	0	0	0	0	0	3	0	0	0	0	0	0	0	0	0
IT9	2	0	0	0	0	0	0	0	0	0	1	0	0	0	0	0	0	0	0	0
IT10	2	0	0	0	0	2	3	0	0	0	0	0	0	0	0	0	0	0	0	3
IT11	0	0	0	0	0	2	3	3	0	0	0	0	3	0	3	0	0	0	3	3
IT12	0	0	0	0	0	3	3	1	0	3	0	0	3	0	3	0	0	0	3	3
IT13	0	0	0	3	0	3	1	0	0	3	0	0	3	0	3	3	0	0	3	1
IT14	3	0	0	3	0	3	2	0	0	1	0	0	0	3	3	3	3	0	3	2
IT15	0	0	0	1	0	0	2	2	0	0	0	0	2	3	0	3	3	0	2	2
IT16	1	0	0	0	0	0	0	3	2	2	0	3	0	3	2	3	1	0	2	0
IT17	0	0	0	2	0	3	3	3	2	3	2	2	3	0	3	0	0	2	1	3
IT18	3	0	0	3	0	3	0	3	2	3	2	3	0	3	2	2	2	3	3	0
IT19	3	0	0	3	0	1	0	0	3	0	3	0	0	3	1	3	0	1	0	2
IT20	3	3	3	0	3	0	2	2	0	2	0	2	0	1	0	2	3	3	0	0
//unavailability
IT1 0-5
IT2 31-42
IT3 0-15
IT4 4-7 11-16
IT5 31-42
IT6 0-13 24-32
IT7 12-16
IT8 0-1 6-20
IT9 0-19 39-42
IT10 10-31
IT11 0-22 42
IT12 14-18 33-42
IT13 0-18
IT14 0-11
IT15 38-42
IT16 0-14 35-42
IT17 5-9 24-42
IT18 0-19 39-42
IT19 4-26
IT20 0-3 9-27
