16// number of internal lecturers: IT_1, ..., IT_m1
4// number of external lecturers: IT_m1+1, ..., IT_m
25// number of jury: J1, ..., Jn
0 42//
//matrix
	J1	J2	J3	J4	J5	J6	J7	J8	J9	J10	J11	J12	J13	J14	J15	J16	J17	J18	J19	J20	J21	J22	J23	J24	J25
IT1	0	0	0	3	0	0	0	3	0	0	0	2	0	0	0	1	0	3	0	0	0	0	2	0	1
IT2	0	2	0	0	3	0	3	0	2	3	0	0	0	2	0	3	2	0	0	0	3	0	2	0	0
IT3	0	2	0	0	2	1	3	2	0	3	3	0	0	0	0	0	3	0	0	0	3	0	0	0	0
IT4	0	0	0	0	2	3	3	2	0	3	3	0	0	0	0	0	3	0	0	0	0	0	2	0	0
IT5	0	0	0	0	0	0	0	2	0	3	3	0	0	0	0	0	3	2	0	0	0	0	0	0	2
IT6	0	0	0	2	2	0	0	0	0	0	3	0	0	0	1	2	3	0	0	0	0	0	0	0	0
IT7	0	0	0	0	0	0	0	0	0	0	0	0	0	0	0	0	0	2	0	0	0	0	0	0	3
IT8	2	0	0	0	0	0	0	0	0	0	0	0	0	0	0	0	0	0	0	0	0	0	0	0	0
IT9	0	0	0	0	0	0	0	0	0	0	0	0	0	0	0	0	0	0	0	0	0	0	0	0	0
IT10	0	0	3	0	0	0	0	0	0	0	0	0	0	0	2	0	0	0	3	0	0	0	0	3	0
IT11	0	0	3	0	0	0	0	0	0	0	0	0	2	0	0	0	0	0	3	2	0	2	0	0	0
IT12	3	0	3	0	0	0	0	0	1	0	0	1	3	3	2	0	0	0	3	2	0	3	0	0	0
IT13	3	3	2	2	0	0	0	0	0	0	0	0	1	3	2	0	0	0	3	3	0	1	0	1	0
IT14	1	1	2	3	0	0	0	0	0	0	0	0	3	3	0	0	0	0	2	1	0	3	3	2	0
IT15	0	0	3	3	0	0	0	3	3	0	0	3	2	3	0	2	0	3	3	0	0	2	3	3	0
IT16	2	2	3	1	1	0	0	1	3	0	0	3	2	0	0	0	0	3	0	0	0	0	3	3	0
IT17	2	3	0	0	0	3	0	0	3	0	0	3	3	2	3	0	2	1	0	3	3	3	1	3	0
IT18	3	3	0	2	0	3	3	3	3	1	0	3	0	3	3	0	2	2	1	2	3	0	0	0	0
IT19	3	3	0	3	0	3	3	3	0	3	3	0	3	1	3	2	1	3	0	3	1	3	3	0	0
IT20	0	0	1	3	3	3	1	3	2	0	1	2	0	0	0	3	3	3	0	3	3	0	3	2	3
//unavailability
IT1 1-5 16-18
IT2
IT3 34-38
IT4
IT5 33-37
IT6
IT7
IT8 26-31
IT9 0-1
IT10 38-42
IT11
IT12 9-14
IT13
IT14 4-8
IT15
IT16 15-20
IT17
IT18
IT19
IT20
