13// number of internal lecturers: IT_1, ..., IT_m1
7// number of external lecturers: IT_m1+1, ..., IT_m
25// number of jury: J1, ..., Jn
0 42//
//matrix
	J1	J2	J3	J4	J5	J6	J7	J8	J9	J10	J11	J12	J13	J14	J15	J16	J17	J18	J19	J20	J21	J22	J23	J24	J25
IT1	0	2	0	0	0	0	0	0	0	0	0	1	0	0	2	3	0	0	0	3	3	0	0	0	0
IT2	2	2	0	0	0	0	3	0	3	3	3	0	0	0	0	0	0	0	0	3	1	3	0	0	0
IT3	2	0	0	0	0	0	3	0	0	3	0	0	2	0	0	0	0	0	0	0	0	3	0	3	0
IT4	0	0	0	0	0	0	3	0	2	3	0	0	0	0	0	0	0	0	0	0	0	0	0	3	0
IT5	0	0	0	0	0	0	3	0	1	3	0	2	0	0	0	0	0	0	0	0	0	0	0	3	0
IT6	0	0	2	0	0	3	0	0	2	0	0	3	0	0	0	0	0	2	0	0	0	0	0	3	0
IT7	0	0	0	0	0	3	0	0	0	0	0	0	0	0	0	0	0	0	0	0	0	0	0	0	3
IT8	0	0	3	3	2	0	0	0	0	0	0	0	0	1	0	0	0	0	0	0	0	0	0	0	1
IT9	0	0	3	1	3	3	0	0	0	0	0	0	0	3	0	0	2	0	2	0	0	0	3	0	0
IT10	0	0	0	0	0	0	0	0	2	0	0	0	0	0	0	0	2	3	3	0	0	0	3	0	2
IT11	0	0	0	0	1	0	0	3	0	0	0	0	0	0	1	0	3	3	3	0	0	0	3	0	0
IT12	0	3	3	2	0	2	0	3	0	0	0	0	3	2	0	2	3	1	3	1	0	0	3	0	0
IT13	3	0	3	2	2	3	0	3	0	0	0	0	1	2	3	2	3	3	0	0	0	0	0	0	3
IT14	3	3	1	3	3	1	0	1	0	0	2	0	0	3	2	3	0	2	0	0	0	0	0	0	3
IT15	1	3	0	3	3	0	0	2	0	0	2	0	3	3	3	3	3	2	3	0	2	0	1	0	0
IT16	0	3	0	0	0	0	0	2	0	0	2	0	2	0	0	0	3	3	0	3	2	1	0	0	0
IT17	2	0	0	0	0	0	0	2	0	0	1	0	3	0	3	1	1	0	3	3	2	0	0	0	0
IT18	3	1	0	0	0	0	3	3	0	0	0	0	0	0	0	2	0	0	1	3	0	0	0	0	0
IT19	3	3	0	0	0	0	1	0	0	3	0	3	3	0	2	3	0	0	0	0	3	0	2	3	0
IT20	0	2	0	0	0	0	0	0	3	1	3	0	0	0	3	3	0	0	0	0	0	0	0	1	2
//unavailability
IT1
IT2 0 24-34
IT3
IT4
IT5
IT6 0-4 25-29
IT7
IT8
IT9 0 23-27
IT10
IT11 0-11 33-37
IT12 16-20
IT13 11-20
IT14 0-12 39-42
IT15
IT16 3-15
IT17 0
IT18 0-2
IT19 0-1
IT20
