12// number of internal lecturers: IT_1, ..., IT_m1
8// number of external lecturers: IT_m1+1, ..., IT_m
25// number of jury: J1, ..., Jn
0 42//
//matrix
	J1	J2	J3	J4	J5	J6	J7	J8	J9	J10	J11	J12	J13	J14	J15	J16	J17	J18	J19	J20	J21	J22	J23	J24	J25
IT1	3	0	0	0	0	0	0	0	0	1	0	0	0	1	2	2	3	2	0	0	0	3	3	0	0
IT2	3	1	0	3	0	3	0	0	0	0	0	0	0	2	0	2	2	0	0	3	3	3	0	3	0
IT3	0	0	0	3	0	3	1	0	0	0	0	0	0	2	0	0	2	0	0	0	3	0	0	3	0
IT4	0	3	0	0	0	0	3	0	0	3	0	0	0	3	0	0	0	0	0	1	3	3	0	2	0
IT5	0	3	0	0	0	0	0	0	0	3	0	0	0	3	0	0	2	0	0	0	0	0	0	2	0
IT6	0	0	0	0	2	0	0	0	0	3	0	0	0	3	0	0	0	0	0	0	0	0	2	2	3
IT7	0	0	0	0	3	0	0	0	0	3	0	0	0	0	0	0	0	0	0	0	0	0	0	0	1
IT8	0	0	3	0	3	0	0	3	3	0	3	0	0	2	0	0	0	0	0	0	0	0	0	0	0
IT9	0	0	1	0	3	0	0	1	1	0	3	3	3	0	0	0	0	0	0	0	0	0	0	0	0
IT10	0	0	0	0	0	0	0	0	0	0	3	2	3	0	0	0	0	0	0	0	0	0	0	0	2
IT11	0	0	0	0	0	0	0	0	0	0	0	3	3	0	3	0	0	3	3	0	0	0	0	0	2
IT12	0	0	2	0	3	0	0	2	2	0	3	3	1	0	0	3	0	1	3	0	0	0	0	0	3
IT13	2	0	2	0	1	0	0	3	2	0	2	0	2	0	3	3	0	0	3	0	0	0	0	0	3
IT14	0	0	3	0	0	0	0	2	3	0	1	0	2	0	2	1	0	0	2	0	0	0	3	0	0
IT15	3	0	3	0	0	0	0	3	3	0	0	3	2	0	3	0	1	3	2	0	0	0	3	0	0
IT16	3	0	0	0	0	0	0	0	0	0	0	3	3	0	0	2	0	3	3	2	0	0	1	3	0
IT17	1	0	0	3	0	1	3	0	0	0	0	1	0	0	3	3	0	3	3	2	3	0	2	3	0
IT18	2	3	0	3	0	0	3	0	0	0	2	0	0	0	3	3	0	0	1	2	3	3	2	1	0
IT19	2	3	0	1	0	0	3	0	0	0	0	0	0	3	1	0	3	0	0	0	1	3	3	0	0
IT20	3	3	0	3	0	0	3	0	0	3	0	0	0	3	0	0	0	2	0	3	0	1	3	3	0
//unavailability
IT1 29-33
IT2 0-1 29-42
IT3 0-23
IT4 21-31 37-42
IT5 19-42
IT6 18-38
IT7 17-32
IT8 7-12 41-42
IT9 5-14
IT10 0-6 12-27
IT11
IT12 15-31
IT13 0-15 41-42
IT14 11-15 32-42
IT15 0-18
IT16 20-25
IT17 17-22 39-42
IT18
IT19 0-5
IT20 35-39
