15// number of internal lecturers: IT_1, ..., IT_m1
5// number of external lecturers: IT_m1+1, ..., IT_m
20// number of jury: J1, ..., Jn
0 42//
//matrix
	J1	J2	J3	J4	J5	J6	J7	J8	J9	J10	J11	J12	J13	J14	J15	J16	J17	J18	J19	J20
IT1	0	3	3	0	2	3	0	0	0	3	0	2	3	0	0	0	0	3	3	0
IT2	3	0	0	2	2	3	3	0	0	3	1	0	3	0	1	0	2	0	3	0
IT3	0	2	2	2	2	0	0	0	3	3	0	0	0	2	0	0	2	0	3	0
IT4	0	0	2	0	0	0	0	0	3	3	3	0	3	2	2	0	0	2	0	0
IT5	0	2	2	0	0	0	0	0	0	0	3	0	0	0	0	0	0	2	0	0
IT6	0	0	0	0	0	0	0	0	0	0	3	0	0	0	2	0	0	0	0	0
IT7	0	0	0	0	0	0	0	0	0	0	0	0	0	0	0	0	0	0	0	0
IT8	0	0	0	0	0	0	0	0	0	0	0	0	0	0	0	0	0	0	0	0
IT9	0	0	0	0	0	0	0	0	0	0	0	0	0	0	0	0	0	0	0	0
IT10	0	0	0	0	0	0	0	2	0	0	0	0	0	0	0	0	0	0	0	3
IT11	0	0	0	0	0	0	0	3	0	0	0	3	0	0	0	0	0	0	0	3
IT12	0	0	0	3	0	0	1	2	0	0	0	1	0	0	0	0	0	0	0	3
IT13	1	0	0	1	3	2	0	3	0	0	0	0	0	0	0	3	3	0	0	0
IT14	0	0	0	0	1	0	0	2	0	0	0	0	0	3	0	3	1	3	0	2
IT15	0	3	3	2	0	2	3	1	0	0	0	2	2	1	0	3	0	3	0	3
IT16	3	3	1	0	0	3	3	3	0	0	0	3	2	2	0	3	2	1	0	3
IT17	3	3	0	3	3	3	3	3	0	0	0	3	3	0	0	2	3	0	3	1
IT18	3	1	0	3	3	1	3	0	1	3	0	3	3	3	2	2	3	2	3	0
IT19	3	2	3	3	3	2	0	0	0	1	3	0	2	3	3	3	3	3	1	0
IT20	0	3	3	0	0	3	0	0	0	0	3	2	1	3	3	1	0	3	0	2
//unavailability
IT1 7-11
IT2 39-42
IT3
IT4
IT5 15-18
IT6 29-37
IT7 40-42
IT8 9-13 18-22
IT9 9-22
IT10 0-12
IT11
IT12 0
IT13 0
IT14 7-11 32-42
IT15 36-42
IT16 21-25
IT17 5-18
IT18 40-42
IT19 1-9
IT20
