16// number of internal lecturers: IT_1, ..., IT_m1
4// number of external lecturers: IT_m1+1, ..., IT_m
20// number of jury: J1, ..., Jn
0 42//
//matrix
	J1	J2	J3	J4	J5	J6	J7	J8	J9	J10	J11	J12	J13	J14	J15	J16	J17	J18	J19	J20
IT1	2	0	1	2	0	3	0	3	3	3	3	0	1	3	2	0	3	3	3	3
IT2	2	0	0	2	0	3	0	1	1	0	0	3	0	0	0	0	2	3	0	3
IT3	0	0	0	3	2	0	0	0	0	0	2	3	0	0	2	0	0	0	0	0
IT4	0	0	0	3	0	0	0	2	2	3	0	3	0	0	0	0	2	0	0	3
IT5	0	0	0	3	0	0	0	2	2	3	1	3	2	0	0	0	0	0	0	0
IT6	0	0	2	3	0	0	0	0	0	3	2	0	3	0	0	0	0	3	0	2
IT7	0	0	3	2	0	0	0	0	0	0	0	0	0	0	0	0	0	0	0	0
IT8	0	0	0	0	0	0	0	0	0	3	0	0	0	0	0	0	0	0	0	0
IT9	0	0	0	0	0	0	0	0	0	0	0	0	0	0	0	0	0	0	0	2
IT10	0	0	0	0	0	0	0	0	0	0	0	0	0	0	0	0	0	0	0	0
IT11	0	2	0	0	0	0	0	0	0	0	0	0	0	0	0	0	0	0	0	0
IT12	3	2	0	0	0	0	0	0	0	0	0	0	0	2	0	3	0	0	0	0
IT13	1	2	0	0	2	0	3	0	0	0	0	0	0	2	3	3	0	0	0	0
IT14	0	1	0	0	3	0	3	0	0	0	0	0	0	3	0	3	0	0	3	0
IT15	0	0	0	0	3	3	3	0	0	0	0	0	0	1	3	1	3	0	3	0
IT16	3	0	0	0	3	3	3	0	0	0	0	0	0	3	1	2	1	3	3	3
IT17	3	3	0	0	0	3	2	0	0	0	0	0	0	0	3	2	2	1	1	3
IT18	3	3	0	0	3	1	1	0	0	0	0	3	0	2	2	2	3	0	0	1
IT19	0	3	0	3	3	0	2	2	2	0	2	1	0	0	3	3	3	2	0	0
IT20	2	3	3	1	1	0	0	3	3	1	3	0	3	3	3	0	3	3	3	2
//unavailability
IT1 0
IT2 0
IT3
IT4
IT5 19-20
IT6 0-1
IT7
IT8
IT9
IT10 7-11
IT11
IT12
IT13 5-7 28
IT14
IT15 35-39
IT16
IT17
IT18
IT19
IT20 39-42
