13// number of internal lecturers: IT_1, ..., IT_m1
7// number of external lecturers: IT_m1+1, ..., IT_m
20// number of jury: J1, ..., Jn
0 42//
//matrix
	J1	J2	J3	J4	J5	J6	J7	J8	J9	J10	J11	J12	J13	J14	J15	J16	J17	J18	J19	J20
IT1	1	0	1	0	0	0	3	0	3	1	2	0	0	0	0	0	2	0	0	3
IT2	0	0	0	0	0	0	0	0	3	0	0	0	0	0	0	0	2	0	3	1
IT3	3	0	0	0	0	0	2	0	0	0	0	0	0	0	2	0	0	0	3	0
IT4	0	0	0	0	0	0	0	0	0	0	0	0	0	0	0	0	0	0	3	0
IT5	3	3	0	0	0	0	0	0	0	0	0	0	0	0	0	0	0	0	0	0
IT6	3	3	0	0	0	0	0	1	0	3	0	0	0	0	0	0	0	3	0	0
IT7	0	3	0	0	0	0	2	0	0	2	0	0	0	0	0	0	0	2	0	0
IT8	0	0	0	0	0	0	0	0	0	0	0	1	2	0	0	2	0	3	0	0
IT9	2	0	0	0	0	2	0	2	0	0	0	3	1	3	0	3	0	0	0	0
IT10	3	0	0	2	0	3	0	3	0	0	0	0	3	1	0	2	0	0	0	0
IT11	0	0	0	2	0	3	0	3	0	0	3	2	0	0	0	1	0	0	0	0
IT12	0	0	0	1	3	3	0	3	0	0	0	2	2	2	0	0	3	3	0	0
IT13	0	0	0	0	3	0	2	0	0	0	3	3	3	2	3	3	3	3	0	0
IT14	0	0	2	0	3	0	0	2	2	0	2	3	0	3	3	0	1	1	0	0
IT15	0	0	2	2	1	3	3	2	2	0	3	0	3	3	1	3	0	0	0	0
IT16	0	0	0	3	2	1	3	3	3	0	3	0	0	0	0	3	2	0	0	2
IT17	0	0	0	3	2	3	1	0	3	0	1	0	0	0	2	0	3	0	0	2
IT18	0	0	2	3	3	0	0	0	1	0	0	0	0	0	2	0	3	0	3	0
IT19	3	1	3	3	2	0	3	0	2	0	0	0	0	0	3	0	0	0	3	2
IT20	0	0	3	0	0	0	3	0	3	3	0	0	0	0	3	0	0	0	1	3
//unavailability
IT1
IT2 0 7
IT3
IT4
IT5
IT6
IT7
IT8
IT9 0-2 18-22
IT10
IT11 0
IT12
IT13
IT14 0-1
IT15
IT16
IT17 0-2 23-27
IT18
IT19 40-42
IT20 0-4
