12// number of internal lecturers: IT_1, ..., IT_m1
8// number of external lecturers: IT_m1+1, ..., IT_m
20// number of jury: J1, ..., Jn
0 42//
//matrix
	J1	J2	J3	J4	J5	J6	J7	J8	J9	J10	J11	J12	J13	J14	J15	J16	J17	J18	J19	J20
IT1	1	0	0	0	0	0	0	3	2	0	3	0	3	3	0	0	0	0	2	0
IT2	0	0	0	0	0	3	0	0	0	0	3	2	3	3	0	2	0	3	3	2
IT3	0	0	0	0	3	3	0	0	0	0	0	3	0	0	0	0	0	3	1	0
IT4	0	0	0	0	3	3	0	2	0	0	0	1	3	0	0	0	0	0	0	0
IT5	3	0	0	0	0	0	0	2	0	0	0	0	0	0	0	0	0	0	0	0
IT6	0	0	0	0	0	0	0	0	0	3	0	0	2	0	0	0	0	0	0	0
IT7	0	0	0	0	0	2	0	0	0	1	0	0	0	0	0	0	0	0	0	0
IT8	0	0	0	0	0	3	3	0	0	0	0	0	3	0	0	0	0	0	0	0
IT9	0	0	3	0	0	0	0	0	0	0	0	0	0	0	2	0	0	0	0	0
IT10	0	2	1	3	0	0	1	0	0	2	0	0	0	0	0	0	3	0	0	0
IT11	0	3	3	2	0	0	0	0	3	3	0	0	0	0	2	3	3	0	0	0
IT12	0	3	0	3	0	0	2	0	3	2	1	0	0	0	1	0	0	0	0	3
IT13	0	3	2	1	0	0	0	0	1	3	0	0	0	0	3	3	1	0	0	3
IT14	0	2	2	2	0	0	3	3	2	0	0	0	0	0	0	1	2	0	0	3
IT15	0	3	3	0	0	0	3	3	2	0	0	0	0	3	3	2	2	0	2	1
IT16	0	3	3	2	0	0	0	3	3	0	3	0	0	3	3	2	3	0	0	2
IT17	0	1	0	3	0	0	0	0	3	0	3	0	0	3	3	3	3	0	2	2
IT18	0	0	0	3	1	3	0	2	0	0	0	2	3	1	3	3	0	1	0	3
IT19	3	0	0	0	0	1	2	3	0	0	3	2	0	0	0	0	0	0	3	0
IT20	0	0	0	0	0	0	0	1	0	0	0	3	1	0	0	0	2	0	0	0
//unavailability
IT1 10 16-20
IT2 41-42
IT3 18-42
IT4 0-3 25-42
IT5 0-3 25-40
IT6 0-2 29-42
IT7 0-9 25-30 36-40
IT8
IT9 0-7 24-28
IT10 0-20
IT11
IT12 0-2 9-24
IT13 41-42
IT14 40-42
IT15 0-1 29-42
IT16 0 6-16
IT17 24-34 40
IT18 12-29
IT19 21-42
IT20 12-19
