13// number of internal lecturers: IT_1, ..., IT_m1
7// number of external lecturers: IT_m1+1, ..., IT_m
25// number of jury: J1, ..., Jn
0 42//
//matrix
	J1	J2	J3	J4	J5	J6	J7	J8	J9	J10	J11	J12	J13	J14	J15	J16	J17	J18	J19	J20	J21	J22	J23	J24	J25
IT1	3	0	3	0	0	0	0	3	0	0	3	3	3	3	3	3	0	3	3	0	0	0	3	0	3
IT2	0	3	0	2	0	0	0	0	0	0	1	3	0	3	0	0	0	1	2	0	2	0	0	3	0
IT3	0	2	0	3	0	0	0	3	0	0	0	0	3	0	3	2	0	2	0	0	0	0	0	3	0
IT4	0	3	1	3	0	0	0	0	0	0	3	0	2	0	0	2	0	2	2	0	0	0	0	3	0
IT5	0	3	2	3	0	0	0	2	0	0	0	2	2	2	0	0	0	0	0	0	0	0	0	0	0
IT6	0	3	0	0	0	0	0	2	0	0	0	3	0	2	0	0	0	0	2	0	3	0	0	0	2
IT7	0	0	0	3	0	0	0	0	0	3	0	0	2	0	0	0	0	0	0	0	1	0	2	3	0
IT8	0	0	0	2	0	3	3	0	0	3	0	0	0	0	0	0	0	0	0	3	0	0	2	2	0
IT9	0	0	0	0	2	3	3	0	0	3	0	0	0	0	0	0	0	2	0	3	0	3	2	0	0
IT10	0	0	0	0	0	3	1	0	3	3	0	0	0	0	0	0	0	0	0	3	0	1	0	0	0
IT11	0	0	0	0	2	1	2	0	3	0	0	0	0	0	0	0	0	0	0	0	0	3	0	0	0
IT12	0	0	0	0	1	0	2	0	3	0	0	0	0	0	0	0	3	0	0	2	0	0	0	0	2
IT13	2	0	0	0	3	2	0	0	3	2	0	0	0	0	0	0	3	0	0	0	0	2	0	0	2
IT14	3	0	0	0	0	3	3	0	0	1	0	0	0	0	0	3	3	0	0	1	0	2	1	0	3
IT15	3	0	0	0	2	2	0	0	1	0	0	0	0	3	3	3	3	0	0	3	2	3	0	0	3
IT16	3	0	0	0	3	0	0	3	2	0	0	1	3	0	3	3	2	0	1	0	2	0	0	0	1
IT17	0	2	0	0	3	0	0	3	0	0	0	0	3	3	1	1	2	0	0	2	3	0	0	1	0
IT18	2	2	2	2	3	0	0	1	0	0	3	0	0	1	0	0	3	0	0	0	3	0	3	0	0
IT19	3	3	2	3	0	0	0	2	0	0	3	3	1	2	0	2	1	0	0	0	0	0	3	0	3
IT20	1	1	3	1	0	0	0	3	0	0	3	3	3	3	0	3	0	3	3	0	0	0	3	3	3
//unavailability
IT1 0-6 33-42
IT2 3-8 14-18
IT3 25-29
IT4 15-20 42
IT5
IT6 0-8
IT7
IT8
IT9
IT10 23-37
IT11 15-19
IT12
IT13 34-38
IT14 0-5
IT15 13
IT16 0-8 35-42
IT17 0-2 18-22
IT18 2-11 39-42
IT19 0-3
IT20 23-38
