16// number of internal lecturers: IT_1, ..., IT_m1
9// number of external lecturers: IT_m1+1, ..., IT_m
20// number of jury: J1, ..., Jn
0 42//
//matrix
	J1	J2	J3	J4	J5	J6	J7	J8	J9	J10	J11	J12	J13	J14	J15	J16	J17	J18	J19	J20
IT1	0	0	0	3	0	0	3	2	0	3	1	2	3	0	0	0	0	1	0	3
IT2	0	0	3	3	0	0	0	0	0	3	0	0	3	0	0	0	0	0	0	0
IT3	0	0	3	0	0	0	2	0	0	3	0	0	0	0	0	0	0	0	0	1
IT4	2	0	0	0	0	0	0	0	0	0	0	0	0	0	0	0	0	0	0	0
IT5	2	0	0	0	0	0	2	0	0	0	0	0	2	3	0	0	0	0	0	0
IT6	0	0	0	2	0	0	2	0	0	0	0	0	0	3	0	0	0	0	0	2
IT7	0	0	0	2	0	0	0	0	0	0	0	0	2	3	0	0	0	0	0	2
IT8	0	0	0	0	0	3	0	0	0	0	3	0	0	0	0	0	1	0	0	2
IT9	0	0	0	0	0	0	0	0	0	0	2	0	0	0	0	0	0	0	0	0
IT10	0	0	0	0	0	3	0	0	0	0	0	0	0	0	0	0	0	0	0	0
IT11	3	0	0	0	0	0	0	0	0	0	0	0	0	0	0	0	0	0	0	0
IT12	1	0	0	0	2	1	0	0	0	0	0	0	0	0	0	0	0	0	2	0
IT13	0	0	0	0	3	0	0	0	0	0	0	1	0	0	0	0	3	0	0	0
IT14	0	3	0	0	1	0	0	0	2	0	0	0	0	0	2	3	0	0	2	0
IT15	0	3	0	0	0	2	0	3	2	0	0	0	0	0	2	0	3	0	3	0
IT16	0	0	0	0	0	2	0	3	3	0	0	0	0	0	1	3	3	2	3	0
IT17	0	1	0	0	0	3	0	1	0	0	0	3	0	0	2	3	3	2	0	0
IT18	0	2	0	0	2	0	0	0	3	0	0	3	0	0	0	1	0	3	0	0
IT19	0	2	0	3	3	0	0	0	0	0	0	0	3	0	0	2	0	3	3	0
IT20	0	3	1	0	3	0	0	2	0	0	0	3	3	0	0	0	2	0	0	0
IT21	0	0	0	1	3	0	0	3	3	3	0	3	0	0	3	2	2	0	3	0
IT22	2	3	0	0	0	0	0	3	0	3	0	0	0	0	3	3	0	3	3	0
IT23	0	0	0	2	0	0	3	2	3	1	0	0	1	0	0	2	0	3	1	0
IT24	3	0	0	3	0	0	0	0	3	0	0	0	2	1	3	0	0	0	0	0
IT25	3	0	0	0	0	0	1	0	1	0	3	2	3	0	3	0	0	3	0	3
//unavailability
IT1
IT2 0-7 21-25
IT3 0-23 42
IT4
IT5 0-18
IT6
IT7 10-14 41-42
IT8 17-20 42
IT9 15-18 42
IT10 4-22
IT11 13-23 40-42
IT12 0-1 7-28
IT13 0-19
IT14
IT15 19-34
IT16 29-42
IT17 9-14
IT18 0-19
IT19
IT20 1-16
IT21
IT22 0-2
IT23 17-37
IT24 0-3 31-42
IT25 10-21
