16// number of internal lecturers: IT_1, ..., IT_m1
9// number of external lecturers: IT_m1+1, ..., IT_m
20// number of jury: J1, ..., Jn
0 42//
//matrix
	J1	J2	J3	J4	J5	J6	J7	J8	J9	J10	J11	J12	J13	J14	J15	J16	J17	J18	J19	J20
IT1	3	0	0	0	0	0	3	0	0	0	3	0	0	3	0	0	3	0	0	0
IT2	3	3	0	0	0	0	0	0	0	0	0	0	0	0	0	0	1	2	0	0
IT3	0	0	0	0	0	0	0	0	0	0	0	3	0	0	0	0	0	0	0	0
IT4	3	3	0	0	0	0	0	0	0	0	1	0	0	0	0	0	0	0	2	0
IT5	3	0	0	0	0	0	0	0	0	0	0	3	0	0	0	0	2	0	0	0
IT6	0	0	0	0	0	0	2	0	0	0	0	3	0	0	0	0	2	0	0	0
IT7	0	0	0	0	0	0	0	0	0	0	0	0	0	0	0	0	2	0	0	0
IT8	0	0	1	0	0	0	0	0	0	0	0	0	0	0	0	0	0	0	0	0
IT9	0	0	0	0	0	3	0	0	0	0	0	0	0	0	0	0	0	0	0	0
IT10	0	0	0	0	0	0	0	0	0	0	0	0	0	0	0	0	0	0	0	0
IT11	0	0	0	0	0	1	0	3	0	0	0	0	0	0	0	3	0	0	0	0
IT12	0	0	0	0	0	0	0	0	0	2	0	0	2	0	0	3	0	0	0	3
IT13	0	0	2	0	0	2	0	1	0	2	0	0	0	0	0	3	0	0	0	3
IT14	0	0	0	2	2	2	0	0	3	1	0	0	3	0	2	0	0	3	0	3
IT15	0	0	3	3	3	0	0	0	2	3	0	0	3	0	0	0	0	1	0	3
IT16	0	0	3	3	3	3	0	2	3	0	0	0	3	0	1	2	0	0	3	2
IT17	0	0	3	1	1	3	0	2	3	0	0	0	0	3	2	2	0	0	0	2
IT18	0	0	0	0	0	0	3	3	0	3	0	0	0	3	3	1	0	2	3	0
IT19	0	0	0	2	2	0	3	3	0	3	0	0	2	0	0	3	0	3	1	1
IT20	0	0	0	2	2	0	3	0	2	0	2	0	3	3	0	0	0	3	0	0
IT21	3	3	2	3	3	0	0	0	3	3	2	0	3	3	3	0	0	0	2	0
IT22	0	3	0	3	0	0	1	0	3	3	2	3	1	0	0	0	0	3	2	0
IT23	0	3	0	0	3	0	2	0	1	0	3	3	0	0	3	0	0	0	3	0
IT24	1	1	0	0	0	0	2	0	0	0	0	0	0	0	3	0	0	0	3	0
IT25	0	0	0	0	0	0	3	0	0	0	0	1	0	1	3	0	3	2	0	0
//unavailability
IT1
IT2
IT3 0-7
IT4 0-6
IT5 0-1
IT6
IT7
IT8 0-4
IT9
IT10
IT11
IT12 0-2 29-33
IT13
IT14
IT15
IT16
IT17
IT18
IT19 10-14
IT20 1-3
IT21
IT22
IT23 0
IT24 0-1 20-24
IT25 38-42
