16// number of internal lecturers: IT_1, ..., IT_m1
9// number of external lecturers: IT_m1+1, ..., IT_m
20// number of jury: J1, ..., Jn
0 42//
//matrix
	J1	J2	J3	J4	J5	J6	J7	J8	J9	J10	J11	J12	J13	J14	J15	J16	J17	J18	J19	J20
IT1	0	0	0	0	3	0	3	3	0	0	0	0	0	3	0	0	0	3	0	3
IT2	0	0	1	0	3	0	0	0	0	0	3	0	1	0	0	0	0	0	0	0
IT3	0	0	0	0	0	0	1	2	0	0	0	0	0	1	0	0	0	0	0	3
IT4	0	0	0	0	0	0	0	2	0	0	0	0	0	0	0	0	0	0	3	0
IT5	0	0	0	0	0	0	2	0	0	0	0	0	0	0	0	0	0	0	3	0
IT6	0	0	0	0	0	0	2	2	0	0	0	0	0	0	0	0	0	0	3	0
IT7	2	0	0	0	0	0	0	0	0	0	0	0	0	0	0	0	0	0	0	0
IT8	0	0	0	0	0	0	2	0	0	0	0	0	0	0	0	0	0	0	0	0
IT9	2	0	0	0	0	0	0	0	0	0	0	3	0	0	0	0	0	0	0	0
IT10	2	0	0	3	0	3	0	0	2	0	0	2	0	0	0	0	0	0	0	0
IT11	0	0	0	3	0	3	0	0	3	0	0	3	0	0	0	0	0	0	0	0
IT12	0	3	0	3	0	3	0	0	3	0	0	3	0	0	0	3	0	0	0	0
IT13	0	3	0	0	0	3	0	0	0	0	0	0	0	0	0	3	0	0	0	0
IT14	0	3	0	3	0	0	0	0	3	0	0	0	0	0	0	3	0	0	0	0
IT15	1	3	0	0	0	0	0	0	0	3	0	0	0	0	3	1	3	0	0	0
IT16	0	0	2	2	0	0	0	0	0	3	2	3	0	0	2	0	3	0	0	0
IT17	0	2	3	1	0	1	0	0	3	0	2	1	0	0	3	2	3	0	0	0
IT18	0	0	3	0	3	2	0	3	0	3	3	0	2	0	3	2	1	3	0	0
IT19	3	3	0	0	3	0	0	1	1	3	1	0	0	0	0	2	2	3	0	0
IT20	3	1	3	0	1	0	0	0	0	2	0	0	2	0	0	3	2	3	0	3
IT21	3	0	0	0	0	0	0	0	0	2	0	0	0	2	2	0	2	1	0	3
IT22	3	0	0	0	0	0	0	3	0	1	0	0	0	2	3	0	0	2	0	0
IT23	3	0	2	0	0	0	0	0	0	3	2	0	2	3	3	0	3	2	3	1
IT24	0	0	3	0	0	0	3	3	0	0	3	0	3	2	1	0	0	3	3	3
IT25	0	0	3	0	0	0	0	0	0	0	3	0	3	0	0	0	0	2	1	0
//unavailability
IT1 0-16
IT2 0-10 37-42
IT3 7-12
IT4
IT5
IT6
IT7 0-4
IT8 0-11
IT9 2-17
IT10 30-42
IT11 0-3
IT12 17-26
IT13 0-2 29-42
IT14
IT15
IT16 1-5 11-21
IT17
IT18
IT19 0-1 29-38
IT20 9-19
IT21 0-1
IT22
IT23 21-25
IT24 15-24
IT25 0-7
