20// number of internal lecturers: IT_1, ..., IT_m1
5// number of external lecturers: IT_m1+1, ..., IT_m
20// number of jury: J1, ..., Jn
0 42//
//matrix
	J1	J2	J3	J4	J5	J6	J7	J8	J9	J10	J11	J12	J13	J14	J15	J16	J17	J18	J19	J20
IT1	0	3	0	3	1	3	3	0	3	3	0	2	1	0	0	0	3	0	0	3
IT2	0	0	0	1	0	0	0	0	1	0	0	2	0	0	0	0	0	0	0	0
IT3	0	1	0	0	0	0	0	0	0	0	3	0	0	0	0	3	0	0	0	0
IT4	0	0	0	0	0	0	0	0	0	0	3	0	0	3	0	3	0	0	0	0
IT5	0	0	0	0	2	0	0	0	2	0	3	0	0	1	0	0	2	0	0	0
IT6	0	0	0	0	0	0	2	0	2	2	0	0	0	0	0	0	2	0	0	0
IT7	0	0	2	0	0	0	0	0	2	0	3	0	2	0	2	0	0	0	0	0
IT8	0	0	2	0	0	0	0	0	0	0	0	0	3	0	2	0	0	0	0	0
IT9	0	0	0	0	0	0	0	0	0	0	0	0	0	0	0	0	0	0	0	0
IT10	0	0	0	0	0	0	0	0	0	0	0	0	0	0	0	0	0	0	0	0
IT11	0	0	0	0	0	0	0	0	0	0	0	0	0	0	0	0	0	0	0	0
IT12	0	0	0	0	0	0	0	0	0	0	0	0	0	0	0	0	0	0	0	0
IT13	0	0	0	0	0	0	0	0	0	0	0	0	0	0	3	0	0	0	0	0
IT14	0	0	3	0	0	0	0	0	0	0	0	0	0	0	1	0	0	2	0	0
IT15	3	0	1	0	0	0	0	2	0	0	0	3	0	0	3	0	0	1	2	0
IT16	3	0	0	0	0	0	0	2	0	0	0	3	0	0	0	0	0	2	3	2
IT17	0	0	0	0	0	0	0	3	0	0	0	1	0	0	0	0	0	0	1	0
IT18	3	0	0	0	0	0	0	0	0	1	0	0	0	0	2	0	3	0	2	3
IT19	1	2	2	2	0	3	1	3	0	0	0	0	0	0	0	0	0	0	0	0
IT20	2	0	3	2	0	3	3	0	0	0	0	2	0	0	0	3	3	2	2	3
IT21	2	2	3	0	0	3	0	0	0	0	0	3	0	2	3	3	3	3	0	3
IT22	0	2	0	3	2	3	2	3	0	0	0	3	0	2	3	3	1	3	3	1
IT23	3	0	3	2	2	0	2	3	0	2	0	0	0	0	0	0	2	3	3	2
IT24	2	0	0	0	3	0	3	3	3	2	3	0	0	2	0	1	0	3	3	2
IT25	0	3	0	0	3	1	3	1	0	3	1	0	3	3	0	0	3	0	0	3
//unavailability
IT1 34-39
IT2 36-42
IT3
IT4
IT5 38-42
IT6 12-17
IT7
IT8
IT9 0 23-27
IT10
IT11 0-2
IT12 0-2
IT13 0-6
IT14
IT15
IT16 11-15
IT17
IT18 38-42
IT19
IT20
IT21
IT22 28-32
IT23
IT24
IT25 40-42
