18// number of internal lecturers: IT_1, ..., IT_m1
7// number of external lecturers: IT_m1+1, ..., IT_m
20// number of jury: J1, ..., Jn
0 42//
//matrix
	J1	J2	J3	J4	J5	J6	J7	J8	J9	J10	J11	J12	J13	J14	J15	J16	J17	J18	J19	J20
IT1	0	0	0	0	3	0	0	0	0	0	0	3	3	0	0	0	0	0	0	0
IT2	0	0	0	0	3	0	0	0	0	0	0	3	0	0	0	0	0	2	0	0
IT3	0	0	0	0	0	0	0	3	0	0	3	0	0	0	0	0	0	2	0	0
IT4	3	0	0	0	0	0	0	3	0	0	3	0	0	0	3	0	0	0	0	0
IT5	3	0	0	0	2	0	0	0	2	0	3	0	0	0	3	0	0	0	0	0
IT6	0	0	3	0	2	0	0	0	3	0	3	2	2	0	0	0	0	0	0	0
IT7	0	0	1	0	0	0	0	0	3	0	0	0	0	0	3	0	0	0	0	0
IT8	0	0	0	0	0	0	0	0	3	0	0	0	0	0	0	2	0	0	0	0
IT9	0	0	0	0	0	0	0	0	0	0	0	0	0	0	0	0	0	0	0	0
IT10	0	0	0	0	0	0	0	0	0	0	0	0	0	0	0	0	0	0	0	3
IT11	0	0	0	0	0	3	0	0	0	0	0	0	0	0	0	0	0	0	0	3
IT12	0	0	0	2	0	3	0	0	0	0	0	0	0	0	0	0	2	0	2	1
IT13	0	2	0	3	0	1	2	0	0	0	0	0	0	0	0	3	3	0	0	0
IT14	0	2	0	1	0	0	3	0	0	0	0	0	0	0	0	0	3	0	1	0
IT15	0	1	0	3	0	0	3	0	0	3	0	0	0	2	0	0	0	0	3	2
IT16	0	0	0	0	0	2	1	1	0	3	0	0	0	3	0	1	0	3	0	0
IT17	0	2	0	0	0	2	0	0	0	3	0	0	0	2	0	3	0	1	0	0
IT18	0	0	2	2	1	3	2	0	0	3	0	0	0	1	0	2	3	0	0	0
IT19	0	3	2	3	3	0	2	0	0	1	0	3	1	0	0	2	3	0	3	3
IT20	0	3	0	3	0	3	3	0	0	0	0	3	0	0	0	3	0	2	2	0
IT21	0	3	3	0	0	0	0	3	0	0	0	1	0	3	0	3	1	3	3	0
IT22	0	3	2	0	0	0	3	3	0	2	3	2	0	2	0	0	3	3	3	0
IT23	1	3	0	0	2	0	0	3	0	0	1	2	2	3	0	0	0	0	3	2
IT24	0	0	0	0	3	0	0	0	0	2	0	3	2	3	1	0	0	3	0	0
IT25	0	0	0	0	0	0	0	0	1	0	0	0	3	0	0	0	0	0	0	0
//unavailability
IT1
IT2 35-39
IT3 31-39
IT4
IT5 0-5
IT6
IT7 24-39
IT8 0-8 25-29
IT9 0-4 31-42
IT10
IT11 18-26
IT12 13-16
IT13 18-22
IT14
IT15 5-9 41-42
IT16 0-5 27-31
IT17 35-42
IT18
IT19
IT20
IT21 0-3 37-42
IT22 14-18 36-42
IT23 30-42
IT24
IT25 4-14 37-42
