16// number of internal lecturers: IT_1, ..., IT_m1
9// number of external lecturers: IT_m1+1, ..., IT_m
20// number of jury: J1, ..., Jn
0 42//
//matrix
	J1	J2	J3	J4	J5	J6	J7	J8	J9	J10	J11	J12	J13	J14	J15	J16	J17	J18	J19	J20
IT1	0	0	0	0	0	0	0	0	0	0	0	0	0	3	3	2	0	0	0	0
IT2	0	0	0	0	0	0	0	3	0	0	0	0	0	3	3	0	0	0	0	0
IT3	0	0	0	0	0	0	0	1	0	0	0	0	0	3	3	2	0	0	0	0
IT4	0	2	0	3	0	0	0	0	0	0	0	0	0	2	0	2	0	0	3	0
IT5	0	0	0	3	0	0	0	0	0	0	0	0	0	0	0	0	0	0	3	0
IT6	0	0	0	0	0	0	0	0	0	0	0	0	0	2	0	0	0	0	3	0
IT7	0	0	0	3	0	0	0	0	0	0	0	0	0	2	0	0	0	0	0	0
IT8	0	0	0	0	0	0	0	0	0	0	0	0	0	0	0	0	0	2	0	0
IT9	0	0	0	0	0	0	1	0	0	0	3	0	3	0	0	0	0	0	0	3
IT10	0	0	0	0	2	0	0	0	0	0	0	0	3	0	0	0	0	0	0	0
IT11	0	0	0	0	0	0	0	0	1	0	3	0	1	0	0	0	3	0	0	3
IT12	0	1	2	0	0	3	0	0	0	3	3	0	0	0	0	0	3	0	0	3
IT13	0	0	0	0	0	3	0	0	0	0	0	3	0	0	0	0	1	0	0	1
IT14	2	0	2	0	0	0	3	0	0	1	0	3	0	0	0	0	0	3	0	0
IT15	3	0	3	0	3	3	3	0	3	3	0	3	0	0	0	0	0	3	0	0
IT16	2	0	3	0	0	3	3	0	2	0	3	0	2	0	0	1	0	3	0	0
IT17	3	3	0	0	3	0	0	0	3	2	2	1	2	0	0	0	2	0	0	3
IT18	1	3	0	0	1	0	3	0	3	0	0	2	3	0	0	0	3	1	0	0
IT19	0	3	3	0	0	2	0	2	3	3	1	2	0	3	0	0	3	2	0	0
IT20	2	3	3	0	2	3	0	0	0	0	0	2	0	0	0	3	0	2	0	0
IT21	0	0	0	0	0	1	2	2	0	3	0	0	0	1	3	3	0	3	0	0
IT22	3	2	3	0	2	0	2	2	0	0	0	3	0	0	3	0	0	0	0	2
IT23	0	2	1	0	3	0	0	3	0	0	0	0	0	0	1	3	2	0	3	2
IT24	3	3	0	1	3	0	0	0	2	0	0	0	0	3	0	3	0	0	3	0
IT25	0	0	0	0	0	0	0	0	0	2	0	0	0	0	0	0	0	0	1	0
//unavailability
IT1
IT2
IT3
IT4 13-23 29-34 40-42
IT5 0-2 8-28
IT6
IT7
IT8 0
IT9 24-34
IT10 36-40
IT11 0-3 26-42
IT12 20-42
IT13 7-17
IT14
IT15 0 6-15 33-42
IT16 0-20
IT17 3-6
IT18 0-19 35-39
IT19 4-12 36-42
IT20 11-15
IT21 38-42
IT22 0-15 21-26 42
IT23 0-11 32-35
IT24 0-5 26-42
IT25
