16// number of internal lecturers: IT_1, ..., IT_m1
9// number of external lecturers: IT_m1+1, ..., IT_m
20// number of jury: J1, ..., Jn
0 42//
//matrix
	J1	J2	J3	J4	J5	J6	J7	J8	J9	J10	J11	J12	J13	J14	J15	J16	J17	J18	J19	J20
IT1	3	0	1	0	0	3	3	0	0	0	2	2	0	0	0	1	0	0	0	0
IT2	0	0	0	0	1	1	3	0	0	0	3	3	0	0	0	0	3	0	0	0
IT3	0	0	0	0	0	0	0	0	0	0	3	3	0	0	0	0	0	3	0	0
IT4	2	0	0	3	0	0	0	0	0	0	3	3	0	0	0	3	0	3	0	0
IT5	0	0	0	3	3	0	2	0	0	0	0	0	3	0	0	3	0	3	0	0
IT6	2	0	0	3	3	2	2	0	0	0	0	3	0	0	0	3	0	3	0	0
IT7	0	0	0	0	3	2	2	0	0	0	0	0	3	0	0	0	0	0	0	0
IT8	0	0	0	0	3	0	0	0	0	0	2	0	3	0	0	0	0	0	0	0
IT9	0	2	0	0	0	0	0	0	3	0	2	0	0	0	0	0	0	0	2	0
IT10	0	0	0	0	0	0	0	0	3	0	0	0	0	0	0	0	0	0	3	3
IT11	0	3	0	0	0	0	0	0	3	0	0	0	0	0	0	0	0	0	3	1
IT12	0	3	0	0	0	0	0	3	3	0	0	0	0	0	0	0	0	0	3	3
IT13	0	0	0	0	0	0	0	3	0	0	0	0	0	3	2	0	0	0	0	0
IT14	0	0	0	0	0	0	0	0	0	3	0	0	0	2	0	0	0	0	0	0
IT15	0	3	2	0	0	0	0	3	0	3	0	0	0	3	2	0	0	0	0	0
IT16	0	3	0	0	0	0	0	3	0	3	0	0	0	3	3	0	0	0	3	2
IT17	0	0	2	0	0	0	0	0	2	3	0	0	0	1	1	0	0	0	1	2
IT18	3	1	3	0	0	0	0	2	0	1	0	0	0	2	0	0	3	0	0	3
IT19	3	0	3	0	0	0	0	0	0	0	0	0	0	0	0	0	3	0	0	0
IT20	0	0	0	0	0	0	1	3	0	0	0	2	0	2	3	0	3	0	0	0
IT21	1	0	0	0	0	0	3	1	0	2	3	2	0	3	3	0	3	0	0	0
IT22	3	0	0	0	0	0	0	0	0	2	0	3	0	0	3	0	1	3	0	0
IT23	2	0	3	3	0	2	3	0	3	2	1	0	0	0	0	0	0	1	0	0
IT24	3	0	3	3	0	0	0	0	0	0	0	1	0	0	3	3	0	0	0	0
IT25	0	0	3	1	3	3	3	0	1	0	3	0	1	0	0	3	0	0	0	0
//unavailability
IT1 11-19
IT2
IT3 0-5
IT4 0-3 30-42
IT5 0-7 29-33
IT6 6-10
IT7 0-3
IT8 4-8 36-42
IT9 0-2
IT10
IT11 3-7 26-30 36-42
IT12 40-42
IT13
IT14
IT15 7-11
IT16 0-5 32-42
IT17
IT18 0-10 33-37
IT19
IT20 19-26 30-34
IT21 0 4-7 11-15
IT22 0-3
IT23 0 11-15 18-24
IT24 28-32
IT25 0-10
