21// number of internal lecturers: IT_1, ..., IT_m1
4// number of external lecturers: IT_m1+1, ..., IT_m
20// number of jury: J1, ..., Jn
0 42//
//matrix
	J1	J2	J3	J4	J5	J6	J7	J8	J9	J10	J11	J12	J13	J14	J15	J16	J17	J18	J19	J20
IT1	0	0	3	0	3	0	0	0	3	0	0	0	0	3	3	0	0	0	2	3
IT2	0	0	0	0	3	0	0	0	0	0	0	0	0	3	0	0	0	0	3	0
IT3	0	0	0	0	0	0	3	0	3	0	0	3	0	0	0	0	0	0	3	3
IT4	1	0	0	3	0	0	3	0	2	0	0	0	0	0	0	0	0	0	3	2
IT5	2	0	0	0	0	3	3	0	0	0	0	3	0	0	0	0	0	0	3	0
IT6	0	0	2	3	0	3	3	0	2	0	0	0	0	0	0	0	0	0	0	0
IT7	0	0	0	0	0	3	0	0	2	0	0	0	2	0	0	0	0	0	0	0
IT8	0	0	0	0	0	0	0	0	0	0	0	0	2	0	0	0	0	0	2	0
IT9	0	0	0	0	0	0	0	0	0	0	0	0	2	0	0	0	0	0	0	0
IT10	0	0	0	0	0	0	0	0	0	0	0	0	0	0	0	0	0	0	0	0
IT11	0	0	0	0	0	0	0	0	0	0	0	0	0	0	0	0	0	0	0	0
IT12	0	0	0	0	0	0	0	0	0	0	0	0	0	0	0	0	0	0	0	0
IT13	0	0	0	0	0	0	0	0	0	1	0	0	0	0	0	0	2	0	0	0
IT14	0	0	0	0	0	0	0	3	0	0	0	0	0	0	0	0	3	2	0	0
IT15	0	3	0	0	0	0	0	3	0	2	0	0	1	0	2	0	3	3	0	0
IT16	0	3	0	0	0	0	0	3	0	2	3	0	0	0	2	0	0	2	0	0
IT17	0	3	0	0	2	0	0	1	0	3	3	0	0	0	0	2	3	1	0	2
IT18	0	3	3	0	0	0	0	0	0	3	0	0	0	0	1	3	1	0	0	2
IT19	0	3	3	0	3	0	0	2	1	2	3	0	0	3	2	3	2	0	0	0
IT20	0	2	0	0	2	0	0	2	0	3	1	0	3	3	0	3	2	2	0	3
IT21	0	0	3	0	1	0	0	2	0	3	2	3	3	3	0	3	0	0	2	1
IT22	2	2	1	0	0	0	3	3	0	0	2	3	3	1	3	2	3	3	0	0
IT23	2	1	2	1	2	0	1	0	3	0	0	3	3	0	3	0	0	3	3	0
IT24	3	2	3	0	3	0	0	0	3	0	3	0	0	0	3	3	0	3	1	3
IT25	3	0	2	0	0	1	0	0	3	3	2	1	0	0	0	1	0	0	0	3
//unavailability
IT1 0-18
IT2
IT3 0-2
IT4 12-27 38-42
IT5 0-12
IT6 0-3 31-35
IT7 22-42
IT8 21-42
IT9 1-16
IT10 5 33-42
IT11 24-27
IT12 0-15
IT13 42
IT14 18-42
IT15
IT16 0-9 36-42
IT17 0-3 14-24
IT18 22-37
IT19 0-3 24-42
IT20 0-13 29-33
IT21
IT22 0-17
IT23 0-14
IT24
IT25 0-5 26-42
