21// number of internal lecturers: IT_1, ..., IT_m1
4// number of external lecturers: IT_m1+1, ..., IT_m
20// number of jury: J1, ..., Jn
0 42//
//matrix
	J1	J2	J3	J4	J5	J6	J7	J8	J9	J10	J11	J12	J13	J14	J15	J16	J17	J18	J19	J20
IT1	0	0	3	2	3	1	3	0	3	3	0	0	2	0	3	0	3	0	2	0
IT2	0	2	0	0	0	0	1	3	0	3	0	0	2	2	0	3	0	3	0	0
IT3	3	2	0	2	2	0	0	0	0	3	0	0	0	2	3	3	2	2	0	0
IT4	3	0	0	0	2	0	0	0	0	0	0	0	0	2	3	3	2	2	0	0
IT5	0	2	2	0	2	0	2	0	0	0	2	0	0	0	0	0	0	0	0	0
IT6	0	0	0	0	0	0	2	0	0	0	0	0	0	0	0	0	2	0	0	0
IT7	0	0	0	0	0	0	0	0	0	3	0	0	0	0	0	0	0	2	0	0
IT8	0	0	0	0	0	0	0	0	0	2	0	0	0	0	0	0	0	0	0	0
IT9	0	0	0	0	0	0	0	0	0	0	0	0	0	0	0	0	0	0	0	0
IT10	0	0	0	0	0	0	0	0	0	0	0	0	0	0	0	0	0	0	0	0
IT11	0	0	0	0	0	0	0	0	0	0	0	1	0	0	0	0	0	0	0	3
IT12	0	0	0	0	0	0	0	0	0	0	0	0	0	0	0	0	0	0	0	3
IT13	0	0	0	0	0	0	0	0	0	0	0	0	0	0	0	0	0	0	0	3
IT14	0	0	0	0	0	0	0	0	0	0	0	3	0	0	0	0	0	0	0	2
IT15	0	0	0	0	0	0	0	0	0	0	0	3	3	0	0	0	0	0	1	0
IT16	0	0	0	3	0	0	0	0	0	0	0	3	1	1	0	0	0	0	0	2
IT17	0	1	3	1	0	0	0	0	0	0	3	0	0	0	0	0	0	0	0	3
IT18	0	0	3	0	3	0	0	3	3	0	0	0	0	0	0	0	3	0	0	3
IT19	0	0	0	0	0	2	0	3	3	0	3	2	0	0	0	0	1	1	0	0
IT20	3	0	1	2	1	2	0	3	3	0	3	2	2	3	0	0	0	3	3	0
IT21	0	3	0	3	0	0	0	3	3	1	1	2	3	0	3	3	0	0	3	0
IT22	3	3	2	0	0	0	0	1	0	0	2	0	3	3	0	3	0	0	3	0
IT23	3	0	2	3	3	3	2	0	0	0	2	3	0	3	3	1	3	3	3	1
IT24	1	3	0	3	3	2	0	0	0	3	3	0	3	3	1	0	3	3	2	0
IT25	0	3	3	0	3	3	3	0	1	0	3	0	0	0	0	0	3	3	2	0
//unavailability
IT1 21-26
IT2
IT3 20-29
IT4 0-16
IT5 3-17
IT6 0-3
IT7 2-16
IT8
IT9
IT10 0-5 11-20
IT11
IT12
IT13
IT14 37-40
IT15 1-12
IT16 1-14
IT17 0 6-10 16-23
IT18
IT19 31-42
IT20 25-41
IT21
IT22 39-41
IT23
IT24 41-42
IT25 26-30
