20// number of internal lecturers: IT_1, ..., IT_m1
5// number of external lecturers: IT_m1+1, ..., IT_m
30// number of jury: J1, ..., Jn
0 42//
//matrix
	J1	J2	J3	J4	J5	J6	J7	J8	J9	J10	J11	J12	J13	J14	J15	J16	J17	J18	J19	J20	J21	J22	J23	J24	J25	J26	J27	J28	J29	J30
IT1	0	0	0	3	3	0	3	1	0	0	3	2	0	0	0	0	3	1	0	0	0	3	2	2	0	0	0	0	0	0
IT2	0	3	2	3	3	3	0	3	0	0	0	2	0	0	3	0	0	0	0	0	0	3	0	0	2	0	0	1	0	0
IT3	0	0	2	3	0	3	0	0	0	0	0	0	0	3	0	0	3	2	0	3	0	0	0	2	0	0	0	0	0	0
IT4	0	2	2	0	0	3	2	0	0	0	0	0	0	1	0	0	3	0	0	3	0	0	0	3	0	0	0	0	0	0
IT5	0	2	0	0	0	0	2	0	3	0	0	0	0	0	0	0	0	0	3	3	0	0	0	1	0	0	0	0	2	0
IT6	0	0	0	0	0	0	2	0	0	0	0	0	0	0	0	0	0	2	3	0	0	0	0	0	0	0	2	0	0	0
IT7	0	2	0	0	0	0	0	0	0	0	0	0	0	0	0	0	0	0	3	0	0	0	0	0	0	0	3	0	2	0
IT8	0	0	0	0	0	0	0	0	0	0	0	0	0	0	0	0	0	0	0	0	0	0	0	0	2	0	3	2	0	0
IT9	0	0	0	0	0	0	0	0	0	0	0	0	0	0	0	0	0	0	0	0	0	0	0	0	0	0	0	3	0	0
IT10	0	0	0	0	0	0	0	0	0	0	0	0	0	0	0	0	0	0	0	0	0	0	0	0	0	0	0	0	0	0
IT11	2	0	0	0	0	0	0	0	0	0	0	0	0	0	0	0	0	0	0	0	0	0	0	0	0	0	0	0	0	2
IT12	3	0	0	0	0	0	0	0	0	0	0	0	0	0	0	0	0	0	0	0	0	0	0	0	0	0	0	0	0	2
IT13	3	0	0	0	0	0	0	0	0	3	0	0	3	0	2	0	0	0	0	0	0	0	0	0	0	2	0	0	0	0
IT14	3	0	0	0	0	0	0	0	0	3	0	1	3	0	0	0	0	0	0	0	2	0	3	0	0	2	0	0	3	3
IT15	3	0	0	0	0	0	0	0	0	3	0	0	0	0	0	0	0	0	0	0	3	0	3	0	3	3	0	0	1	1
IT16	0	0	0	0	0	0	0	0	0	0	2	0	1	0	0	3	0	0	0	0	3	0	3	0	0	3	0	0	0	0
IT17	0	0	3	0	0	0	0	0	0	3	0	0	0	0	0	2	0	0	0	0	3	0	3	0	1	1	0	0	0	2
IT18	0	0	1	0	0	0	0	3	1	2	3	3	2	0	3	3	2	0	0	0	3	2	0	0	0	0	3	0	0	0
IT19	0	3	0	0	3	0	3	3	0	2	3	3	2	0	0	3	0	0	0	0	0	1	2	0	0	2	3	0	0	3
IT20	0	1	0	3	0	0	3	0	0	1	3	0	2	0	3	3	2	0	0	0	2	3	0	0	0	0	0	0	0	0
IT21	0	0	0	3	3	3	1	3	0	3	0	3	3	2	1	0	1	0	0	0	0	2	3	2	3	0	3	0	3	3
IT22	0	0	3	0	3	3	0	3	0	0	1	3	3	2	2	0	3	2	0	3	3	0	1	0	3	3	1	0	3	3
IT23	0	0	3	0	1	1	0	0	3	0	2	0	0	2	3	2	0	3	0	0	1	3	0	0	3	3	0	0	3	0
IT24	3	3	3	1	0	0	3	0	3	0	2	0	0	3	2	3	2	3	0	1	0	2	0	0	0	0	0	0	0	0
IT25	1	3	0	0	0	0	3	0	3	2	3	0	0	0	3	1	3	0	1	3	0	3	0	3	2	0	0	3	2	0
//unavailability
IT1 3 33-36 41-42
IT2 36-42
IT3 0-16
IT4
IT5
IT6 33-42
IT7 8-11
IT8 25-31 40-42
IT9 34-42
IT10
IT11
IT12 0-6
IT13
IT14 30-42
IT15
IT16
IT17 0-1
IT18 0-1
IT19 0-7 21-25
IT20 6-9
IT21 36-42
IT22 41-42
IT23 0-3 14-15 17-25
IT24
IT25
