16// number of internal lecturers: IT_1, ..., IT_m1
9// number of external lecturers: IT_m1+1, ..., IT_m
30// number of jury: J1, ..., Jn
0 42//
//matrix
	J1	J2	J3	J4	J5	J6	J7	J8	J9	J10	J11	J12	J13	J14	J15	J16	J17	J18	J19	J20	J21	J22	J23	J24	J25	J26	J27	J28	J29	J30
IT1	0	0	2	0	0	0	3	0	0	0	0	2	3	0	0	0	0	3	0	0	3	0	0	0	3	0	3	3	0	0
IT2	2	3	2	0	0	0	0	0	0	0	0	0	3	0	3	0	0	0	0	0	0	0	1	0	0	1	0	0	0	0
IT3	0	0	1	0	3	2	0	0	0	0	0	0	0	0	0	0	3	0	0	0	0	0	0	0	2	3	1	0	0	0
IT4	0	0	2	0	3	2	0	0	0	0	0	0	0	0	0	0	3	0	0	0	0	0	0	0	2	0	2	0	0	0
IT5	0	0	0	0	3	0	0	0	0	0	0	0	0	0	0	0	0	0	0	0	0	0	0	0	0	0	0	0	0	0
IT6	0	0	0	0	0	0	2	0	3	0	0	0	2	0	0	0	0	2	0	0	0	0	0	0	2	0	2	0	0	0
IT7	0	0	0	0	3	0	0	0	3	0	0	0	2	1	0	0	0	0	0	0	0	0	0	0	0	0	2	0	0	0
IT8	0	0	0	0	0	0	0	0	3	0	0	0	0	0	0	0	0	0	0	1	0	0	0	0	0	0	0	0	0	0
IT9	0	0	0	0	0	0	0	0	0	0	0	0	0	0	0	0	0	0	0	3	0	0	0	0	0	0	0	0	0	0
IT10	0	0	0	0	0	0	0	0	0	0	2	0	0	0	0	3	0	0	0	0	0	0	0	0	0	0	0	0	0	0
IT11	0	0	0	3	0	0	0	2	0	0	3	0	0	0	0	3	0	0	0	0	0	2	0	0	0	0	0	0	3	0
IT12	0	0	0	3	0	0	0	2	0	0	0	0	0	3	0	1	0	0	0	0	0	0	0	0	0	0	0	0	3	3
IT13	0	2	0	1	0	0	0	1	0	2	0	3	0	3	0	0	0	0	0	2	0	3	0	3	0	0	0	0	0	0
IT14	0	0	0	0	0	0	0	3	0	3	0	0	0	3	0	0	0	0	0	2	0	3	0	2	0	0	0	1	1	1
IT15	3	0	0	2	0	3	0	0	0	3	3	1	0	0	1	0	0	0	3	0	0	0	0	3	0	0	0	0	0	0
IT16	3	0	0	0	0	1	0	0	0	0	3	0	0	0	0	2	0	0	3	3	0	0	2	3	0	0	0	0	2	0
IT17	3	0	0	2	0	0	0	0	0	0	3	0	0	2	0	2	0	0	3	3	3	0	3	3	0	0	0	0	2	2
IT18	0	0	0	3	0	0	0	3	0	2	1	3	0	2	0	3	0	0	1	0	3	3	3	0	3	0	0	3	3	0
IT19	1	3	0	3	0	0	1	3	0	3	0	0	3	3	0	0	0	3	0	0	3	0	0	0	1	2	0	3	3	2
IT20	0	1	0	0	0	2	0	3	0	3	0	3	3	0	3	0	0	3	2	0	1	3	3	0	0	2	0	3	0	3
IT21	2	0	3	0	0	3	0	0	0	3	0	3	0	0	3	0	3	3	2	0	0	1	0	1	0	2	0	0	0	3
IT22	0	2	3	0	0	0	0	3	0	1	0	0	1	0	3	0	0	1	0	0	0	3	2	2	0	0	0	3	0	0
IT23	3	2	3	0	1	3	2	0	0	0	0	0	0	0	3	0	3	2	2	0	0	0	3	0	3	0	0	0	0	0
IT24	2	3	3	0	3	3	2	0	1	0	0	0	2	0	0	0	3	2	3	0	0	0	3	0	3	0	0	0	0	0
IT25	0	3	3	0	0	0	3	0	0	0	0	2	3	0	0	0	1	3	0	0	0	0	0	0	0	3	3	0	0	2
//unavailability
IT1
IT2 36-42
IT3 33-36
IT4
IT5 42
IT6
IT7 0-1
IT8 0-5
IT9
IT10 27-31
IT11
IT12 42
IT13
IT14
IT15 12-15
IT16
IT17
IT18
IT19 18-22
IT20 5-8
IT21
IT22
IT23 0-5
IT24
IT25 17-20
