20// number of internal lecturers: IT_1, ..., IT_m1
5// number of external lecturers: IT_m1+1, ..., IT_m
30// number of jury: J1, ..., Jn
0 42//
//matrix
	J1	J2	J3	J4	J5	J6	J7	J8	J9	J10	J11	J12	J13	J14	J15	J16	J17	J18	J19	J20	J21	J22	J23	J24	J25	J26	J27	J28	J29	J30
IT1	0	2	3	0	0	3	0	3	0	3	0	0	0	0	3	0	0	0	1	0	0	3	0	0	3	0	0	3	3	0
IT2	2	0	3	0	0	0	0	3	0	3	0	2	0	0	3	3	3	0	0	0	3	0	0	0	3	0	0	1	1	0
IT3	2	2	0	0	0	3	2	0	0	0	0	0	3	0	0	3	0	0	0	0	0	0	0	2	0	0	0	0	0	3
IT4	0	0	0	0	0	3	0	0	2	0	0	0	0	3	3	3	3	3	3	0	3	2	0	2	2	3	0	0	0	3
IT5	0	0	0	0	0	0	0	0	0	0	0	0	0	3	0	3	0	3	3	0	3	2	0	0	2	3	0	0	0	3
IT6	0	0	0	0	0	0	0	0	0	0	0	0	0	3	2	0	0	3	3	0	0	2	0	0	0	3	0	0	2	0
IT7	0	0	0	0	0	2	0	0	0	0	0	0	0	0	2	0	0	0	0	0	0	0	0	0	2	0	0	0	0	3
IT8	0	0	0	0	0	2	0	0	0	0	0	0	0	0	2	0	0	0	3	0	0	0	0	0	0	0	0	0	0	0
IT9	0	0	0	0	0	2	0	0	0	0	0	0	0	0	0	0	0	0	0	0	0	0	0	0	0	0	0	0	0	0
IT10	0	0	0	2	0	0	0	0	0	0	0	0	0	0	0	0	0	0	0	0	0	0	0	0	0	0	0	0	0	0
IT11	0	0	0	3	0	0	0	0	0	0	0	0	0	0	0	0	0	0	0	0	0	0	0	0	0	0	0	0	2	0
IT12	0	0	0	0	0	0	0	0	0	0	0	0	0	0	0	0	0	0	0	1	0	0	0	0	0	0	2	0	0	0
IT13	0	0	0	3	3	0	0	0	0	0	0	0	0	0	0	0	0	0	0	0	0	0	0	0	0	0	3	0	0	0
IT14	0	0	0	3	3	0	0	0	0	0	0	3	0	0	0	0	0	0	0	0	0	0	2	0	0	0	1	0	0	0
IT15	1	3	0	0	1	0	3	0	0	0	3	3	0	0	0	0	0	0	0	0	0	0	2	0	0	0	0	0	0	0
IT16	3	1	0	0	3	0	0	0	0	0	3	0	0	0	0	0	0	0	0	3	0	0	3	0	0	0	0	0	0	0
IT17	0	0	0	0	2	0	1	0	3	0	3	3	0	0	0	0	0	0	0	3	0	0	3	3	0	0	0	0	0	0
IT18	0	0	3	3	2	0	0	0	3	3	0	3	0	0	0	0	0	0	0	2	0	3	1	1	0	0	2	0	0	0
IT19	0	2	3	3	0	0	0	3	1	0	3	2	0	0	0	0	0	0	0	3	0	1	2	3	1	0	3	0	0	0
IT20	2	3	0	0	2	0	2	3	0	3	2	2	3	0	1	0	3	0	0	3	0	0	0	0	0	0	3	0	0	0
IT21	3	3	1	1	3	3	2	3	2	3	2	1	3	0	3	0	3	0	0	0	0	0	0	0	0	0	3	0	0	0
IT22	3	0	0	0	0	1	3	1	2	1	3	3	3	0	0	3	3	0	0	2	3	3	3	2	0	0	0	0	0	0
IT23	0	3	0	0	0	0	3	0	3	0	1	0	1	3	0	1	0	3	0	0	0	3	3	3	0	3	0	0	2	3
IT24	3	0	0	0	0	0	3	0	3	0	0	0	3	3	0	0	1	3	0	2	3	3	0	0	3	1	0	0	3	1
IT25	0	0	0	0	0	3	0	0	0	0	0	0	0	1	3	0	0	1	3	3	1	0	0	3	3	3	0	3	0	0
//unavailability
IT1 32-35
IT2 0
IT3 0-7
IT4 36-42
IT5 0-4
IT6 13-16
IT7 0 15-21
IT8
IT9 37-41
IT10 41-42
IT11
IT12
IT13 11-15
IT14
IT15 36-42
IT16
IT17
IT18 11-14
IT19
IT20 13-17 42
IT21
IT22
IT23 0-3
IT24 39-42
IT25
