21// number of internal lecturers: IT_1, ..., IT_m1
4// number of external lecturers: IT_m1+1, ..., IT_m
30// number of jury: J1, ..., Jn
0 42//
//matrix
	J1	J2	J3	J4	J5	J6	J7	J8	J9	J10	J11	J12	J13	J14	J15	J16	J17	J18	J19	J20	J21	J22	J23	J24	J25	J26	J27	J28	J29	J30
IT1	1	0	0	3	2	0	3	1	0	3	0	0	0	0	0	0	0	1	3	0	0	0	0	0	0	0	2	2	0	3
IT2	0	0	0	0	0	0	0	0	0	2	3	3	2	0	0	0	0	3	1	1	0	0	3	2	2	0	0	0	0	0
IT3	0	0	2	0	0	0	0	0	0	0	3	3	0	3	0	0	2	0	0	0	2	0	3	2	2	3	0	0	0	0
IT4	3	0	0	0	0	0	0	3	0	0	0	3	2	3	0	0	0	0	0	3	2	0	3	2	0	3	0	0	0	0
IT5	3	0	0	2	0	0	2	3	0	0	0	0	0	3	0	0	0	2	2	3	0	0	0	0	0	3	0	0	0	0
IT6	3	0	0	2	0	0	0	0	0	0	0	0	0	3	0	0	0	2	0	0	0	0	0	0	0	0	0	2	0	0
IT7	0	0	0	0	0	0	0	0	0	0	2	0	0	0	0	0	0	0	2	0	0	0	0	0	0	0	0	2	0	0
IT8	0	0	0	0	0	0	0	0	0	0	2	0	0	0	0	0	0	0	0	0	0	0	0	0	0	0	0	0	0	0
IT9	0	0	0	0	0	0	0	0	0	0	0	0	0	0	0	0	0	0	2	0	0	0	0	0	0	0	0	0	0	0
IT10	0	0	0	0	0	0	0	0	0	0	0	0	0	0	0	0	0	0	0	0	0	0	0	0	0	0	0	0	0	0
IT11	0	0	0	0	0	0	0	0	2	0	0	0	0	0	0	0	0	0	0	0	0	0	0	0	0	0	0	0	0	0
IT12	0	0	0	0	0	0	0	0	0	0	0	0	0	0	0	0	0	0	0	0	0	0	0	0	0	0	0	0	0	0
IT13	0	0	0	0	3	0	0	0	2	0	0	0	0	0	2	0	0	0	0	0	0	0	0	0	0	0	0	0	0	0
IT14	0	0	0	0	0	0	0	0	3	0	0	0	0	0	0	0	0	0	0	0	0	3	0	0	0	0	0	0	0	0
IT15	0	3	3	0	1	2	0	0	1	0	0	0	0	0	1	3	3	0	0	0	0	3	0	0	0	0	3	3	3	0
IT16	0	3	3	0	0	3	0	0	0	0	0	0	3	0	2	3	3	0	0	0	0	3	0	0	0	0	1	1	1	0
IT17	0	0	1	0	0	3	0	0	0	0	0	0	1	0	0	3	1	0	0	0	3	3	0	3	3	0	0	0	2	0
IT18	0	3	0	3	2	3	3	0	0	0	0	0	0	0	0	3	0	0	0	0	1	0	0	3	0	0	0	0	2	3
IT19	0	3	0	0	0	3	3	0	2	3	0	0	0	0	3	0	0	0	0	0	3	2	0	1	1	0	2	0	0	3
IT20	0	2	2	1	3	0	1	0	3	3	3	0	0	0	3	0	2	0	0	0	0	2	0	0	0	0	3	0	0	3
IT21	0	2	0	0	3	0	0	0	3	3	0	3	2	0	0	2	2	0	0	0	0	3	3	0	2	0	3	3	3	1
IT22	0	0	2	2	3	0	2	3	3	0	3	3	3	0	3	1	0	0	0	0	2	1	0	0	0	0	3	3	3	0
IT23	0	3	3	3	0	1	0	0	0	3	1	1	3	3	3	2	3	2	0	3	3	0	3	3	3	3	0	3	3	0
IT24	3	1	3	0	0	2	3	3	0	2	2	0	3	1	0	0	3	0	0	3	3	0	1	3	3	3	0	0	0	0
IT25	3	0	0	3	2	0	2	3	0	1	3	0	0	0	0	0	0	3	3	3	0	0	0	0	3	1	2	0	2	3
//unavailability
IT1
IT2
IT3
IT4
IT5
IT6
IT7
IT8 25-30
IT9 7-12
IT10
IT11 0-5
IT12 28-33
IT13
IT14
IT15
IT16
IT17
IT18
IT19
IT20
IT21
IT22
IT23
IT24
IT25
