20// number of internal lecturers: IT_1, ..., IT_m1
5// number of external lecturers: IT_m1+1, ..., IT_m
30// number of jury: J1, ..., Jn
0 42//
//matrix
	J1	J2	J3	J4	J5	J6	J7	J8	J9	J10	J11	J12	J13	J14	J15	J16	J17	J18	J19	J20	J21	J22	J23	J24	J25	J26	J27	J28	J29	J30
IT1	0	3	3	0	0	0	0	0	0	0	0	0	0	0	3	0	0	0	0	0	1	1	2	3	2	1	3	0	2	0
IT2	0	0	0	0	1	0	0	3	0	2	0	0	0	0	3	0	0	0	0	0	3	3	2	3	0	0	1	0	3	0
IT3	0	3	0	0	0	0	0	3	0	0	0	3	0	0	3	0	0	0	0	0	0	0	3	3	0	3	0	3	1	0
IT4	3	0	0	0	0	0	0	0	3	2	0	0	0	0	3	2	3	0	0	0	0	2	3	0	0	3	0	3	0	0
IT5	0	2	2	0	0	0	0	0	3	2	0	3	0	0	0	2	1	0	0	0	0	0	3	0	0	0	0	0	0	0
IT6	3	2	2	3	3	0	0	0	0	0	0	3	0	0	0	0	0	0	0	0	2	2	0	0	0	3	0	3	0	0
IT7	0	0	0	3	3	0	0	0	0	0	0	3	0	0	0	0	0	0	0	0	2	0	3	2	0	0	0	0	2	0
IT8	0	2	0	3	3	0	0	0	0	0	0	0	0	0	0	0	0	0	0	0	0	0	2	3	0	0	0	0	0	0
IT9	0	0	0	0	0	0	0	0	2	0	0	0	0	0	0	0	0	0	0	0	0	0	0	0	0	0	0	2	2	0
IT10	0	0	0	0	0	0	0	0	3	0	0	0	0	0	0	0	0	0	0	0	0	0	0	0	0	0	0	3	0	0
IT11	0	0	0	0	0	0	0	0	0	0	0	0	0	0	0	0	0	0	0	0	0	0	0	0	0	0	0	0	0	2
IT12	0	0	0	0	0	0	0	0	3	0	0	0	0	0	0	0	0	0	0	2	2	0	0	0	0	0	0	0	0	0
IT13	0	0	0	0	0	3	0	0	0	0	0	0	3	0	0	0	0	3	2	3	0	0	0	0	3	0	0	0	0	3
IT14	0	0	0	0	0	3	0	0	0	0	2	0	1	2	0	0	0	3	3	3	0	0	0	0	3	0	0	0	0	2
IT15	0	0	0	0	0	3	3	0	0	0	2	0	0	3	0	0	0	3	3	0	0	0	0	0	0	0	0	0	0	3
IT16	0	0	0	0	0	1	3	0	0	0	1	0	0	3	0	0	0	3	3	0	0	0	0	0	1	0	0	0	0	3
IT17	0	0	0	0	0	0	0	0	0	0	0	0	2	0	0	0	0	0	0	0	0	0	0	0	0	0	0	0	0	1
IT18	0	0	1	0	0	2	3	2	0	1	2	0	3	3	0	3	0	0	2	3	0	0	0	0	0	0	0	0	0	0
IT19	0	0	3	0	0	2	3	3	0	0	0	0	0	0	0	3	0	2	3	3	0	0	0	1	3	0	0	0	0	0
IT20	0	3	0	0	0	2	2	3	0	0	0	0	3	0	0	1	0	3	0	0	0	0	0	0	0	0	3	0	0	2
IT21	0	1	0	0	0	3	2	2	0	3	3	0	3	2	0	0	0	2	3	1	0	0	0	0	3	0	3	0	0	3
IT22	0	0	2	0	0	0	2	1	0	0	0	0	0	3	3	0	2	1	1	3	0	0	0	0	0	3	3	0	0	0
IT23	1	0	3	0	0	0	1	0	0	3	3	0	0	3	1	2	2	0	0	0	0	2	0	0	0	3	0	3	0	0
IT24	0	3	0	0	3	0	3	2	3	3	3	3	0	1	0	3	2	0	0	0	0	3	1	3	2	0	3	1	0	0
IT25	0	3	3	1	3	0	0	3	1	3	3	1	2	0	0	3	3	0	0	0	3	0	3	0	0	0	0	0	3	0
//unavailability
IT1 10-19
IT2 8-28
IT3 16-31 38-42
IT4 0-24
IT5 0-8 24-29
IT6 0-3
IT7
IT8 12-16 22-31
IT9 17-21 38-42
IT10 0
IT11
IT12 0-13 30-39
IT13 39-42
IT14 19-42
IT15 0-8 30-42
IT16 0-12
IT17 0-1 24-39
IT18 14-38
IT19 42
IT20
IT21 0-3 24-42
IT22 0-7 13-26
IT23 0-3
IT24 0-14 40-42
IT25 0-1 7-22
