14// number of internal lecturers: IT_1, ..., IT_m1
11// number of external lecturers: IT_m1+1, ..., IT_m
30// number of jury: J1, ..., Jn
0 42//
//matrix
	J1	J2	J3	J4	J5	J6	J7	J8	J9	J10	J11	J12	J13	J14	J15	J16	J17	J18	J19	J20	J21	J22	J23	J24	J25	J26	J27	J28	J29	J30
IT1	0	0	0	0	0	0	0	0	3	0	3	3	3	2	0	2	0	2	0	3	3	2	0	3	0	0	3	0	3	0
IT2	0	0	3	0	0	0	0	0	0	0	3	0	0	0	3	2	0	0	0	1	0	0	0	3	0	0	0	0	0	0
IT3	0	3	0	0	0	3	0	0	0	0	0	0	0	0	0	0	0	0	3	0	1	0	0	0	0	0	0	0	0	0
IT4	0	0	3	0	0	0	0	0	0	0	3	0	2	0	0	0	0	0	3	0	0	0	3	3	0	0	3	0	0	0
IT5	0	3	0	0	0	0	0	0	2	0	0	0	2	0	0	0	0	0	3	0	0	0	3	3	0	0	0	0	0	2
IT6	0	0	0	0	0	0	0	0	2	0	0	0	0	0	0	0	0	0	3	2	2	0	0	0	0	0	3	0	0	0
IT7	3	0	0	0	0	0	0	0	0	0	2	0	0	0	0	0	0	0	0	2	2	0	0	0	2	0	3	0	0	0
IT8	1	0	0	0	0	0	0	0	0	0	3	0	0	0	0	0	3	0	0	0	0	0	0	0	2	0	0	0	0	0
IT9	0	0	0	0	0	0	0	0	0	0	0	0	0	0	0	0	0	0	0	2	0	0	0	0	3	0	0	3	0	0
IT10	0	0	0	0	0	0	0	3	0	3	0	0	0	0	0	0	1	0	0	0	0	0	0	0	1	0	0	3	0	0
IT11	0	0	0	2	0	0	0	1	0	3	0	0	0	0	0	0	0	0	0	0	2	0	0	0	0	3	0	1	0	0
IT12	2	0	0	3	3	0	2	0	0	1	0	0	0	0	0	0	0	0	0	0	0	0	0	0	0	1	0	0	0	1
IT13	2	0	0	3	3	0	1	0	0	0	0	0	0	1	0	0	2	2	0	0	0	3	0	0	0	0	0	0	0	0
IT14	3	0	0	0	3	0	2	2	0	0	0	0	0	3	0	3	0	3	0	0	0	3	2	0	0	0	0	0	0	0
IT15	3	0	0	0	1	0	0	2	0	0	0	0	0	0	0	0	2	0	0	0	0	0	3	0	3	0	0	0	0	0
IT16	0	0	0	0	2	1	0	3	0	0	0	2	0	0	0	1	3	3	0	0	0	1	0	0	0	2	0	3	0	0
IT17	0	0	0	2	0	0	3	0	0	2	0	0	0	0	2	0	3	3	0	0	0	2	3	0	3	2	0	0	3	3
IT18	0	0	0	3	2	0	3	3	3	3	0	3	3	2	0	0	0	0	0	0	0	0	0	0	0	3	0	0	3	3
IT19	0	0	0	3	2	0	0	0	0	2	0	2	3	3	1	2	0	0	0	0	0	0	0	0	0	3	0	0	0	3
IT20	0	0	0	3	3	3	3	0	3	0	0	1	3	0	0	0	0	3	0	0	0	2	2	0	0	0	0	0	3	3
IT21	0	0	3	0	0	3	3	0	3	0	1	0	1	3	0	3	0	3	0	0	0	3	0	1	0	0	0	2	2	0
IT22	0	1	3	1	0	3	0	0	1	0	0	0	0	3	0	3	0	0	0	0	0	0	3	3	0	0	0	0	0	0
IT23	0	0	3	0	0	3	0	0	2	0	0	2	0	0	2	3	0	1	3	0	0	0	0	0	0	0	0	0	2	2
IT24	0	0	1	0	0	0	0	0	0	0	0	3	2	0	2	0	0	0	1	0	3	0	1	0	0	0	3	0	3	2
IT25	0	0	0	0	0	0	0	0	3	0	3	3	3	0	3	0	0	0	0	3	0	0	0	0	0	0	1	2	1	3
//unavailability
IT1 1-4 33-42
IT2 0-9
IT3 6-15
IT4 32-42
IT5
IT6 12-16
IT7 33-37
IT8 0-6 21-25
IT9 42
IT10
IT11
IT12 0-10
IT13
IT14 26-42
IT15 32-42
IT16 38-42
IT17 5-13
IT18
IT19
IT20 8-17 41-42
IT21
IT22 33-41
IT23 23-31
IT24 0-12
IT25
