20// number of internal lecturers: IT_1, ..., IT_m1
5// number of external lecturers: IT_m1+1, ..., IT_m
30// number of jury: J1, ..., Jn
0 42//
//matrix
	J1	J2	J3	J4	J5	J6	J7	J8	J9	J10	J11	J12	J13	J14	J15	J16	J17	J18	J19	J20	J21	J22	J23	J24	J25	J26	J27	J28	J29	J30
IT1	0	3	0	0	2	3	1	3	2	0	2	0	3	0	3	0	0	0	0	0	0	3	3	0	0	3	3	0	0	0
IT2	2	3	0	0	0	3	3	0	2	0	0	0	0	0	3	0	0	1	3	3	0	0	3	0	2	0	0	0	0	0
IT3	0	0	0	3	0	0	0	0	2	0	0	0	0	0	0	3	0	3	3	0	0	0	0	0	2	2	1	2	0	2
IT4	0	0	0	1	0	3	0	0	0	0	0	0	0	0	2	3	0	0	0	0	0	0	0	0	3	0	2	0	0	0
IT5	0	0	0	0	0	3	2	0	0	0	0	0	2	0	0	3	0	2	3	0	0	0	0	0	1	0	0	0	3	0
IT6	0	0	0	0	0	0	0	0	0	0	0	0	2	0	2	3	0	0	0	0	0	0	0	0	0	0	0	0	3	0
IT7	0	0	0	0	0	0	2	0	0	0	0	0	0	0	0	0	0	2	0	0	0	0	0	0	0	0	0	0	3	0
IT8	0	0	0	0	0	0	2	0	0	0	0	0	0	0	0	0	0	2	0	0	0	0	0	0	0	0	0	0	3	0
IT9	0	0	0	0	0	3	0	0	0	0	0	0	0	0	0	0	0	0	0	0	0	0	0	0	0	0	0	0	0	0
IT10	0	0	0	0	0	2	0	0	0	0	0	0	0	0	0	0	0	0	0	0	0	0	0	0	0	0	0	0	0	0
IT11	0	0	0	0	0	0	0	0	0	0	0	0	0	0	0	0	0	0	0	0	0	0	0	0	0	0	0	0	2	0
IT12	0	0	0	0	0	0	0	0	0	0	0	0	0	0	0	0	0	0	0	0	0	0	0	0	0	0	0	0	3	2
IT13	0	0	0	0	3	0	0	0	0	0	3	0	0	0	0	0	0	0	0	0	0	0	0	0	0	0	0	3	0	2
IT14	3	0	0	0	1	0	0	1	0	0	0	3	0	0	0	0	3	0	0	0	0	0	0	2	0	0	0	0	0	3
IT15	3	0	0	0	0	0	0	0	0	1	3	3	0	2	0	0	3	0	0	1	3	0	0	2	0	2	0	3	0	3
IT16	3	0	3	0	0	0	0	0	3	2	1	0	0	3	0	0	1	0	0	0	3	2	2	3	0	0	0	3	0	0
IT17	3	0	3	0	0	0	0	0	0	0	0	3	0	0	0	0	0	0	0	0	0	2	2	1	0	0	2	1	0	1
IT18	0	0	3	0	3	0	0	3	1	3	2	1	0	3	3	0	0	0	0	0	3	3	0	0	0	3	2	2	0	0
IT19	2	3	3	0	3	0	0	0	0	0	0	0	3	3	3	0	2	0	0	3	3	3	1	2	0	1	0	0	0	0
IT20	2	3	0	0	0	0	0	3	0	0	2	2	3	0	0	0	2	0	0	3	2	1	0	0	0	3	0	0	0	0
IT21	1	1	0	2	3	0	0	3	3	2	3	2	3	0	1	0	3	0	3	3	0	0	0	3	0	0	0	3	0	0
IT22	3	0	2	2	0	1	0	3	3	3	3	3	0	3	0	0	3	0	3	3	1	2	2	3	0	0	0	0	0	3
IT23	0	0	3	0	0	0	0	0	3	3	0	2	1	3	2	3	0	0	1	0	2	3	0	3	2	3	0	0	0	3
IT24	0	0	2	2	2	0	0	0	0	0	0	0	2	2	3	1	0	0	0	0	0	3	3	0	0	3	0	0	0	0
IT25	0	3	1	3	0	0	3	0	0	0	0	0	3	1	0	0	2	3	0	0	0	0	3	0	3	2	3	2	1	0
//unavailability
IT1 0
IT2 0-18 41-42
IT3 13-33
IT4 0-17
IT5 0-3
IT6 0-20
IT7 0-14 41-42
IT8 11-16
IT9 34-42
IT10 30-42
IT11
IT12 13-17 39-42
IT13 0-7
IT14
IT15 7-28
IT16
IT17 0-17
IT18 0-6 23-27
IT19 15-25 41-42
IT20 9 15-35
IT21 4-24
IT22
IT23 0-19
IT24 25-35
IT25 11-15 42
