16// number of internal lecturers: IT_1, ..., IT_m1
9// number of external lecturers: IT_m1+1, ..., IT_m
30// number of jury: J1, ..., Jn
0 42//
//matrix
	J1	J2	J3	J4	J5	J6	J7	J8	J9	J10	J11	J12	J13	J14	J15	J16	J17	J18	J19	J20	J21	J22	J23	J24	J25	J26	J27	J28	J29	J30
IT1	0	0	0	0	3	0	2	0	0	0	0	0	0	0	0	1	0	0	0	0	0	1	1	0	2	0	0	0	0	0
IT2	0	0	0	0	0	0	2	0	0	0	0	0	0	0	0	0	0	0	0	0	1	0	0	0	0	0	1	0	0	0
IT3	0	0	2	0	0	0	1	0	0	0	0	0	3	0	0	2	0	0	0	0	0	2	0	0	0	0	0	0	0	0
IT4	0	0	0	0	0	0	0	0	0	2	0	0	3	3	0	2	0	0	0	0	0	0	0	0	0	0	3	0	0	0
IT5	0	0	0	0	0	3	0	0	0	0	0	3	3	3	0	0	0	0	0	0	0	0	0	0	0	0	0	0	0	0
IT6	0	0	0	0	0	3	0	0	0	0	0	3	3	3	0	2	0	0	0	0	0	0	0	0	0	0	3	0	2	0
IT7	0	0	0	0	0	0	0	0	0	0	0	0	0	0	0	0	0	0	0	0	0	0	2	0	0	0	3	0	2	0
IT8	0	0	0	0	0	0	0	0	0	0	0	0	0	0	0	0	0	0	0	0	0	0	3	0	0	0	0	0	0	0
IT9	0	2	0	1	0	0	0	0	0	0	1	0	0	0	0	0	0	0	0	0	0	0	0	0	0	0	0	0	0	3
IT10	0	3	0	0	0	0	0	0	0	0	0	0	0	0	0	0	0	3	0	0	0	0	0	0	0	0	0	0	0	3
IT11	0	3	0	0	0	0	0	0	0	0	0	0	0	0	3	0	0	2	2	0	0	0	0	1	0	0	0	0	0	1
IT12	0	3	0	0	0	0	0	3	2	0	0	0	0	0	0	0	0	0	3	2	0	0	0	0	0	0	0	0	0	0
IT13	0	3	0	0	0	0	0	1	3	0	0	0	0	0	3	0	0	0	0	0	0	0	0	0	0	3	0	0	0	0
IT14	0	0	0	3	0	0	0	0	3	0	3	0	0	0	0	0	0	0	3	3	0	0	0	0	3	3	0	3	1	0
IT15	3	0	3	0	2	0	0	0	0	0	3	0	0	0	1	0	0	0	3	1	0	0	0	2	0	3	0	3	0	2
IT16	3	0	3	3	0	0	0	2	3	3	3	0	0	0	2	0	3	0	0	0	0	0	0	0	3	0	0	3	0	2
IT17	3	0	0	0	3	0	0	0	0	0	0	0	0	0	2	0	3	1	3	0	2	3	0	3	0	1	0	1	0	3
IT18	3	0	1	3	2	0	0	2	0	3	2	0	0	0	3	0	3	0	0	2	3	3	0	3	3	2	0	0	0	0
IT19	1	0	2	0	3	0	0	0	3	0	2	0	0	0	3	0	0	0	1	2	0	3	0	3	3	0	0	0	3	0
IT20	0	0	2	0	0	0	0	3	0	1	0	0	0	0	0	0	3	0	0	3	3	2	0	3	0	3	0	2	3	0
IT21	0	0	3	2	0	0	2	3	1	2	2	0	0	0	0	0	2	3	0	3	3	0	0	0	3	0	0	0	3	0
IT22	0	1	0	2	3	0	3	0	3	2	3	3	3	0	0	0	2	3	0	3	0	2	0	0	2	0	0	3	3	0
IT23	2	3	3	0	0	0	3	0	0	3	0	3	1	0	0	3	3	3	0	0	3	3	0	0	1	0	0	2	0	0
IT24	2	0	0	0	3	1	0	0	0	3	0	3	0	0	0	3	1	0	0	0	2	3	0	2	0	2	3	0	0	0
IT25	0	0	0	0	1	0	0	2	0	0	0	1	0	1	0	0	0	3	0	0	3	0	3	0	0	2	3	2	0	0
//unavailability
IT1 0-2 14-23
IT2 10-30
IT3 19-34 40-42
IT4 0-4 26-42
IT5 10-14
IT6 0-4 26-42
IT7 4-13
IT8
IT9 0-5 27-42
IT10
IT11 0-21 42
IT12
IT13 0-2 24-42
IT14 1-21
IT15 24-34
IT16 0-1 18-23
IT17 17-31 42
IT18 0-24
IT19 42
IT20 0 28-42
IT21 24-28 34-39
IT22 17-21
IT23
IT24
IT25 0-16 37-41
