20// number of internal lecturers: IT_1, ..., IT_m1
5// number of external lecturers: IT_m1+1, ..., IT_m
30// number of jury: J1, ..., Jn
0 42//
//matrix
	J1	J2	J3	J4	J5	J6	J7	J8	J9	J10	J11	J12	J13	J14	J15	J16	J17	J18	J19	J20	J21	J22	J23	J24	J25	J26	J27	J28	J29	J30
IT1	0	3	3	0	3	0	0	0	0	0	0	0	1	0	0	3	1	0	2	0	3	0	3	0	0	2	3	0	0	0
IT2	0	0	3	0	0	0	0	0	3	0	0	0	0	0	2	0	0	0	3	3	3	0	1	0	3	0	2	2	0	2
IT3	0	0	0	0	3	0	0	3	1	2	0	0	0	0	0	2	0	3	1	1	0	2	0	0	3	0	0	0	0	0
IT4	0	0	0	0	3	0	0	0	0	2	0	0	0	0	0	0	0	3	0	0	3	2	0	0	3	2	0	0	3	0
IT5	0	0	0	0	0	0	0	3	0	0	0	0	3	0	0	2	0	0	0	0	3	0	0	0	0	0	2	0	3	0
IT6	0	0	0	0	0	0	0	3	2	0	0	0	3	0	0	2	0	3	0	0	0	0	0	0	3	0	2	0	3	0
IT7	0	0	0	0	0	0	0	0	2	0	0	0	3	0	0	0	0	3	2	0	0	0	0	0	0	0	0	0	3	0
IT8	0	0	0	0	0	0	0	0	2	0	0	0	0	0	0	0	0	0	2	0	0	0	0	0	0	0	0	0	0	0
IT9	0	0	0	0	2	0	0	0	0	0	0	0	3	0	0	0	0	0	0	0	0	0	0	0	0	0	0	3	0	0
IT10	0	0	0	0	0	0	0	2	0	0	0	0	0	0	0	0	0	0	0	0	0	0	0	0	0	0	0	3	2	0
IT11	0	0	0	0	0	0	0	3	0	0	0	0	0	0	0	0	0	0	0	0	0	0	0	0	0	0	0	1	3	0
IT12	2	0	0	0	0	0	0	0	0	1	2	0	0	3	0	0	0	0	0	0	0	0	0	0	0	0	0	0	0	0
IT13	0	0	0	3	0	0	0	0	0	0	3	1	0	1	0	0	0	0	0	0	0	0	0	0	0	0	0	0	0	0
IT14	3	0	0	3	0	1	0	0	0	0	3	0	0	0	0	0	0	0	0	0	0	0	0	2	0	0	0	0	0	3
IT15	3	0	0	3	0	0	0	0	0	0	0	0	0	0	3	0	0	0	0	0	0	0	0	0	0	0	0	0	0	1
IT16	0	0	0	0	0	0	2	0	0	0	3	0	0	0	3	0	0	0	0	0	0	0	0	2	0	3	0	0	0	0
IT17	1	3	0	0	0	2	2	0	0	0	0	3	0	2	3	0	2	0	0	0	0	3	0	1	0	0	0	0	0	0
IT18	0	3	0	0	0	3	3	0	0	0	0	3	0	2	0	3	2	0	0	0	0	3	0	3	0	1	1	0	0	0
IT19	2	0	0	3	0	3	0	0	0	0	3	0	0	0	1	0	3	0	0	2	0	1	2	0	0	0	0	0	0	0
IT20	2	3	3	2	0	0	0	0	0	0	0	3	0	3	2	1	3	0	0	2	0	0	0	0	0	0	0	0	0	3
IT21	0	3	3	3	3	3	3	0	0	2	0	3	0	3	2	0	3	0	0	2	0	2	2	0	0	2	0	0	0	3
IT22	3	0	3	1	0	0	3	0	0	0	1	2	0	0	3	0	0	0	0	0	3	3	3	3	3	0	3	2	0	3
IT23	3	0	1	0	3	0	3	3	0	3	0	2	0	0	0	3	0	1	0	3	0	3	2	3	1	3	3	0	0	0
IT24	0	0	0	0	1	0	3	0	0	3	0	2	0	0	0	0	3	3	0	0	1	0	0	3	0	3	0	2	1	2
IT25	0	1	0	0	0	2	1	1	3	3	0	3	3	2	0	3	3	0	3	0	0	3	0	3	0	3	3	3	0	2
//unavailability
IT1
IT2 36-42
IT3 0-1 29-42
IT4 18-33
IT5
IT6
IT7
IT8
IT9
IT10 0-12 40-42
IT11 26-30
IT12
IT13 0 16-20 25-29
IT14
IT15 0-8
IT16 0-2 23-27
IT17 0-8 35-42
IT18
IT19
IT20 2-5
IT21
IT22
IT23
IT24 16-24 42
IT25
