17// number of internal lecturers: IT_1, ..., IT_m1
8// number of external lecturers: IT_m1+1, ..., IT_m
30// number of jury: J1, ..., Jn
0 42//
//matrix
	J1	J2	J3	J4	J5	J6	J7	J8	J9	J10	J11	J12	J13	J14	J15	J16	J17	J18	J19	J20	J21	J22	J23	J24	J25	J26	J27	J28	J29	J30
IT1	3	0	0	0	1	3	0	0	0	3	0	1	0	0	3	0	0	0	2	0	0	3	0	0	3	2	2	0	0	0
IT2	0	0	0	0	0	3	0	0	0	0	0	0	0	0	0	0	0	0	0	0	0	0	0	2	0	0	0	1	0	0
IT3	0	0	0	0	0	3	0	0	3	0	0	2	0	0	3	0	0	0	0	2	0	1	0	0	3	0	0	3	0	0
IT4	0	0	0	3	0	0	0	3	0	0	0	0	0	0	0	3	0	0	0	0	0	0	0	0	3	0	0	0	0	0
IT5	0	0	0	3	0	0	0	0	3	2	0	2	0	3	0	3	0	0	0	2	0	0	0	0	3	0	0	0	0	0
IT6	0	0	0	3	0	0	0	0	0	0	0	2	0	3	2	0	0	0	0	0	0	2	0	0	0	0	0	0	0	0
IT7	0	0	0	0	0	3	0	0	0	0	0	0	0	3	0	0	0	0	0	0	3	0	0	0	0	0	0	0	0	0
IT8	0	0	0	0	0	3	0	0	0	0	2	0	0	3	2	0	0	0	0	0	3	2	0	0	0	0	0	0	0	0
IT9	0	2	0	0	0	0	0	0	0	0	3	0	0	0	0	0	0	0	0	0	3	0	0	0	0	0	0	0	2	0
IT10	0	2	0	0	0	0	0	0	0	0	3	0	1	0	0	0	0	0	0	0	0	0	0	0	0	0	0	0	2	0
IT11	0	0	0	0	0	0	0	0	0	0	0	0	0	0	0	0	1	0	0	0	0	0	0	0	0	0	0	0	0	0
IT12	0	0	0	0	0	0	0	0	0	0	3	0	0	0	0	0	0	0	0	0	0	0	3	0	0	0	0	0	0	1
IT13	0	0	0	0	0	0	0	0	0	0	0	0	0	0	0	0	0	3	3	0	0	0	3	0	0	3	3	0	0	0
IT14	0	0	0	0	0	0	0	0	0	0	0	0	2	0	0	0	0	3	0	0	0	0	3	1	0	0	3	0	0	0
IT15	0	1	0	0	2	0	3	0	0	0	0	0	3	0	0	0	3	3	1	0	0	0	3	3	0	3	1	0	3	0
IT16	0	0	3	0	0	0	3	0	0	0	0	0	3	0	0	0	3	3	0	0	0	0	0	0	0	3	0	0	3	0
IT17	0	0	3	0	3	0	0	0	0	0	0	0	0	0	0	0	3	0	0	3	0	0	0	0	0	1	0	0	1	2
IT18	1	0	1	0	3	0	3	0	0	0	0	0	3	0	0	0	3	2	3	3	0	0	0	2	0	2	2	0	0	0
IT19	2	3	0	0	3	0	1	0	0	1	0	0	0	0	0	0	0	2	2	3	0	0	1	3	0	0	0	3	0	3
IT20	0	3	0	0	0	0	2	3	0	0	0	0	0	0	3	0	0	3	3	1	0	0	2	3	0	2	3	3	2	3
IT21	0	3	2	0	0	1	2	3	0	0	3	0	0	0	3	0	2	1	0	2	0	0	0	0	0	3	0	0	0	3
IT22	2	3	2	0	2	0	2	3	1	2	3	0	0	0	0	3	0	0	3	0	0	0	0	3	0	0	3	3	0	0
IT23	2	0	2	3	3	0	3	3	0	0	1	3	2	0	1	3	2	0	0	0	0	0	0	0	3	0	0	3	3	0
IT24	0	0	3	3	3	0	0	1	0	3	0	0	0	3	2	1	0	0	0	0	0	2	0	0	1	0	0	0	3	0
IT25	3	0	3	1	0	0	0	0	0	2	0	3	0	1	3	3	0	0	0	3	1	3	0	0	0	0	2	0	0	2
//unavailability
IT1 0-2 19-21
IT2
IT3 22-26
IT4
IT5
IT6 23-38
IT7 23-35 41-42
IT8 0-5 22-26
IT9
IT10 16-21
IT11
IT12 14-18
IT13 35-42
IT14
IT15 0
IT16
IT17 20-30
IT18 36-42
IT19
IT20 0 28-42
IT21 0
IT22 0-14
IT23 0-8
IT24 40-42
IT25 8-22
