19// number of internal lecturers: IT_1, ..., IT_m1
11// number of external lecturers: IT_m1+1, ..., IT_m
40// number of jury: J1, ..., Jn
0 42//
//matrix
	J1	J2	J3	J4	J5	J6	J7	J8	J9	J10	J11	J12	J13	J14	J15	J16	J17	J18	J19	J20	J21	J22	J23	J24	J25	J26	J27	J28	J29	J30	J31	J32	J33	J34	J35	J36	J37	J38	J39	J40
IT1	3	0	0	3	3	0	3	0	0	2	2	0	0	3	0	3	0	0	0	0	0	3	0	0	0	3	3	0	0	0	0	3	3	0	0	1	1	0	3	0
IT2	0	3	0	3	3	1	3	0	0	2	2	0	0	3	2	0	0	0	0	0	0	3	0	0	0	3	0	0	0	0	0	0	0	0	0	0	0	0	1	0
IT3	0	0	0	0	0	0	0	3	0	2	2	0	0	0	2	0	0	0	0	0	0	3	0	0	0	3	3	0	2	0	0	3	0	0	0	2	0	0	0	0
IT4	0	0	0	3	3	0	3	0	0	0	0	0	0	0	0	0	0	0	0	0	0	3	0	0	0	0	0	0	0	3	0	0	2	0	0	0	2	0	0	0
IT5	0	0	0	0	3	3	0	3	0	0	0	0	0	0	0	0	0	0	0	0	0	0	0	0	0	3	0	0	0	3	0	0	0	0	0	0	2	0	0	3
IT6	0	2	0	0	0	0	0	0	0	0	0	0	0	0	0	0	0	0	0	0	0	3	0	0	0	0	0	0	0	0	0	0	1	0	0	0	0	0	2	3
IT7	0	0	0	0	0	3	0	0	0	0	0	0	0	2	0	0	0	0	0	0	0	0	0	0	0	0	0	0	0	0	0	2	2	0	0	0	0	0	0	3
IT8	0	2	0	0	0	3	0	0	0	0	0	0	0	0	0	0	0	0	0	0	0	0	0	0	0	0	0	0	0	0	0	0	0	0	0	0	2	0	2	3
IT9	0	0	0	0	0	0	0	0	0	0	0	0	0	0	0	0	0	0	0	0	0	0	0	0	3	2	0	0	0	0	0	3	0	0	0	0	0	0	0	0
IT10	0	0	0	0	0	3	0	0	0	0	0	0	0	0	0	0	0	0	0	0	0	0	3	0	3	2	0	0	0	0	0	0	0	0	3	0	0	0	2	0
IT11	0	0	0	0	0	0	0	0	2	0	0	0	0	0	0	0	2	0	0	1	0	0	0	0	1	2	0	0	0	0	0	0	0	0	1	0	0	0	0	0
IT12	0	0	0	0	0	0	0	0	3	0	0	0	0	0	0	0	3	0	0	0	0	0	3	2	0	0	0	0	0	0	0	0	0	0	0	0	0	0	0	0
IT13	0	0	3	0	0	0	0	0	0	0	0	0	0	0	0	0	3	3	0	0	0	0	3	2	0	0	0	1	1	0	0	0	0	3	0	3	0	2	0	0
IT14	0	0	0	0	0	0	0	0	0	0	0	0	0	0	0	0	0	3	1	0	0	0	0	0	0	0	0	0	0	0	0	0	0	3	0	0	0	1	0	0
IT15	0	0	3	0	0	0	0	0	0	0	0	0	0	0	0	0	3	0	0	0	3	0	3	0	0	0	0	0	0	0	3	0	0	0	0	3	0	3	0	0
IT16	0	0	0	0	0	0	0	0	0	0	0	0	0	0	0	0	0	3	0	0	3	0	0	0	0	0	0	0	0	0	2	0	0	1	2	3	0	0	0	0
IT17	0	0	1	0	0	0	0	0	3	0	1	0	3	0	0	0	0	3	0	2	0	0	0	0	2	0	0	0	0	0	0	0	0	0	2	3	0	0	0	0
IT18	0	0	3	0	0	0	0	0	0	1	0	0	0	0	1	0	0	0	3	0	1	0	0	0	2	0	0	0	3	0	0	0	0	2	0	0	0	2	0	0
IT19	0	0	2	0	0	0	0	0	3	0	0	3	3	0	0	0	3	0	3	3	0	0	0	3	0	0	0	2	3	0	1	0	0	2	3	0	0	0	0	0
IT20	0	0	2	0	0	0	0	0	3	0	0	0	3	0	0	0	0	0	3	3	2	0	1	1	3	0	2	0	0	0	0	0	0	0	3	0	0	0	0	0
IT21	1	0	2	0	0	0	0	0	0	0	0	3	1	0	0	0	3	1	3	3	0	0	2	0	0	0	2	3	3	0	0	0	0	0	0	0	0	0	0	0
IT22	3	1	0	0	0	0	0	0	1	0	0	3	3	3	0	1	0	2	0	0	2	0	0	0	0	0	0	0	0	0	0	0	0	3	0	0	0	3	0	0
IT23	0	0	3	0	0	0	2	0	0	0	3	1	0	1	3	2	1	0	3	0	0	0	0	0	0	0	3	3	3	0	2	0	0	3	0	0	0	3	0	0
IT24	0	0	0	3	0	0	2	0	0	3	0	3	0	0	3	0	0	0	0	0	3	0	0	2	0	0	3	3	2	0	2	1	0	2	0	0	0	0	0	0
IT25	0	0	0	0	3	0	3	3	0	3	3	0	2	0	0	0	0	0	0	2	3	0	0	0	0	1	1	0	2	0	3	0	0	0	0	0	0	0	0	0
IT26	2	0	0	3	1	0	1	0	0	0	3	2	0	0	3	0	0	0	2	0	0	1	0	3	0	0	0	0	0	0	3	0	0	0	0	0	0	0	0	0
IT27	2	3	0	1	0	0	0	3	0	3	3	2	2	2	3	2	0	0	0	0	0	0	0	3	0	0	0	0	3	0	0	0	0	0	0	0	0	0	0	0
IT28	2	2	0	0	0	0	0	3	0	3	3	2	0	2	0	2	0	0	0	0	0	0	0	0	0	0	0	0	0	0	0	0	0	0	0	0	3	0	0	0
IT29	3	3	0	0	0	0	3	1	0	3	0	3	0	3	0	0	0	0	2	0	0	0	0	3	0	0	2	2	0	1	0	3	2	0	0	3	3	0	0	3
IT30	3	3	0	0	0	3	2	0	0	0	0	0	0	0	0	3	0	0	0	0	2	0	0	0	0	3	3	0	0	0	0	3	3	0	0	0	0	0	3	1
//unavailability
IT1 0 22-37
IT2 35-42
IT3
IT4
IT5
IT6 13-23
IT7 0-2 20-29
IT8 0-1
IT9
IT10
IT11 4-13 20-24
IT12 0-2 31-42
IT13 35-40
IT14 0-5
IT15
IT16
IT17
IT18 0-10 38-42
IT19 0-2
IT20
IT21 7-11 17-22
IT22 4-8
IT23 0
IT24 13-17
IT25
IT26 0-3
IT27 16-26 32-36
IT28 0-1
IT29
IT30 0-14
