24// number of internal lecturers: IT_1, ..., IT_m1
6// number of external lecturers: IT_m1+1, ..., IT_m
40// number of jury: J1, ..., Jn
0 42//
//matrix
	J1	J2	J3	J4	J5	J6	J7	J8	J9	J10	J11	J12	J13	J14	J15	J16	J17	J18	J19	J20	J21	J22	J23	J24	J25	J26	J27	J28	J29	J30	J31	J32	J33	J34	J35	J36	J37	J38	J39	J40
IT1	2	1	0	0	0	0	0	3	0	0	0	2	3	3	0	0	1	3	1	3	0	0	0	3	3	0	0	0	0	2	0	0	0	0	3	0	0	0	3	0
IT2	0	0	0	0	3	0	0	3	0	0	0	3	1	3	0	0	0	0	0	3	3	0	0	0	3	0	0	0	0	2	0	0	0	3	0	2	2	0	0	0
IT3	2	0	0	0	0	0	0	0	0	0	0	1	0	0	3	0	0	3	0	0	0	0	0	0	3	0	0	0	0	0	0	0	3	2	3	2	0	0	0	0
IT4	2	0	0	0	0	0	3	3	3	0	0	0	0	0	3	3	0	0	0	0	0	0	0	0	0	3	0	0	0	0	3	2	0	3	0	0	0	2	0	0
IT5	0	0	0	0	0	0	0	0	0	0	0	0	0	0	0	0	0	0	3	0	0	0	0	0	0	3	3	0	0	0	0	0	3	3	3	2	0	0	2	0
IT6	0	0	0	0	2	0	3	3	3	0	0	0	0	0	0	3	0	0	0	0	2	0	0	0	0	3	3	0	0	0	3	0	0	0	3	0	0	0	0	0
IT7	0	0	0	3	0	0	0	0	0	0	0	2	0	0	0	3	0	0	3	0	2	0	0	3	0	0	0	0	0	0	3	0	0	0	0	0	0	0	2	0
IT8	0	0	0	3	0	0	0	0	0	0	0	0	0	0	0	0	0	0	3	0	0	0	0	0	0	0	3	0	0	0	0	0	0	0	0	0	0	0	0	0
IT9	0	0	0	0	0	0	0	0	0	0	0	2	0	0	0	0	0	0	3	0	0	0	0	3	0	0	0	0	0	0	0	0	0	0	0	0	0	0	2	2
IT10	0	0	0	0	0	0	0	0	0	0	0	0	0	0	0	0	0	0	0	0	0	0	0	3	0	0	0	0	2	0	0	0	0	0	0	0	0	0	0	0
IT11	0	0	0	0	0	0	0	0	0	0	0	0	0	0	0	0	0	0	0	0	0	0	0	3	0	0	0	0	0	0	0	0	0	0	0	0	0	0	0	0
IT12	0	0	0	0	1	0	0	0	0	0	0	0	0	0	0	0	0	0	0	0	0	0	2	0	0	0	0	0	3	0	0	0	0	0	0	0	0	0	0	0
IT13	0	0	0	0	3	0	0	0	0	0	0	0	0	0	0	0	0	0	0	0	0	0	2	0	0	0	0	0	3	0	0	0	0	0	0	0	0	0	0	0
IT14	0	0	0	0	0	0	0	0	0	0	0	0	0	0	0	0	0	0	0	0	0	0	0	0	0	0	0	0	3	0	0	0	0	0	0	0	0	0	0	0
IT15	0	0	3	0	0	0	0	0	0	0	3	0	0	0	0	0	0	0	0	0	0	0	1	0	0	0	0	0	3	0	0	0	0	0	0	0	0	0	0	1
IT16	0	0	0	0	0	0	0	0	0	0	1	0	0	0	0	0	0	0	0	0	0	0	0	0	0	0	0	0	0	0	0	0	0	0	0	0	0	0	0	3
IT17	0	0	1	0	0	3	0	0	0	0	3	0	0	0	0	0	0	0	0	0	0	3	0	0	0	0	0	3	0	3	0	0	0	0	0	0	3	1	0	0
IT18	0	2	3	0	0	3	0	0	0	3	0	0	0	0	0	0	0	0	0	0	0	0	0	0	0	0	0	2	0	3	0	0	0	0	0	0	1	0	0	0
IT19	1	2	0	0	0	0	0	0	0	3	0	0	0	0	0	0	0	0	0	0	0	3	0	0	0	0	0	3	0	3	0	3	0	0	0	1	0	2	0	2
IT20	0	3	2	0	0	1	0	0	0	0	2	0	0	0	0	0	0	2	0	0	0	0	0	0	0	0	0	3	0	1	0	3	0	0	0	0	0	0	0	0
IT21	0	3	2	0	0	2	0	0	0	3	2	0	0	3	0	0	0	0	0	0	1	1	0	0	0	0	0	1	0	0	0	0	0	0	0	0	0	0	3	0
IT22	0	0	0	0	0	2	0	0	0	0	2	0	0	0	0	0	0	3	0	0	3	0	3	0	0	0	0	0	0	0	0	3	0	0	0	0	0	3	1	2
IT23	0	0	3	0	0	2	0	0	0	1	3	0	0	3	0	0	2	3	0	3	0	2	3	0	3	0	0	2	0	0	0	3	0	0	0	0	0	3	3	0
IT24	0	0	0	0	0	3	0	0	0	2	0	0	0	0	0	0	0	1	0	3	0	0	0	0	0	0	0	2	0	2	0	0	0	3	0	0	3	0	0	3
IT25	3	0	3	0	0	0	3	1	1	2	3	0	0	3	1	0	2	0	0	3	0	2	3	0	3	0	0	0	0	0	0	0	3	0	0	3	3	3	0	0
IT26	0	3	0	0	0	3	3	3	0	2	0	0	0	1	0	3	0	0	0	1	0	2	0	0	0	3	0	3	3	3	0	2	0	1	0	0	3	3	0	3
IT27	3	0	0	0	2	0	3	0	0	3	0	0	0	0	0	0	0	0	0	0	2	3	0	0	1	0	0	0	1	0	3	2	3	3	1	3	0	0	0	0
IT28	3	3	0	0	2	0	0	0	0	0	0	0	0	0	0	3	3	2	0	0	3	3	0	0	0	1	0	0	0	0	1	1	0	2	3	3	0	0	0	0
IT29	3	3	0	1	0	0	1	0	0	0	0	0	0	0	0	0	2	2	3	0	0	0	0	0	0	3	1	0	0	0	3	3	3	0	0	3	2	0	3	0
IT30	0	0	2	0	3	0	0	0	0	0	0	3	3	0	0	1	3	3	0	0	3	0	0	1	0	0	0	0	0	0	0	0	1	2	0	0	2	0	0	0
//unavailability
IT1 19-27 41-42
IT2 24-36 41-42
IT3 31-42
IT4 0-3 15-17 22-26
IT5 20-24
IT6 7-10 40-42
IT7
IT8 1-4
IT9
IT10 39-42
IT11 0-6 16-20 25-29
IT12
IT13 0-3
IT14 0-15
IT15
IT16 39-42
IT17
IT18 16-24 39-42
IT19 0-3
IT20 18-22 27-31
IT21
IT22 0
IT23 0-8
IT24 2-5
IT25 22-35
IT26 16-20 40-42
IT27
IT28
IT29 0-6 16-19 25-28
IT30 31-42
