20// number of internal lecturers: IT_1, ..., IT_m1
10// number of external lecturers: IT_m1+1, ..., IT_m
40// number of jury: J1, ..., Jn
0 42//
//matrix
	J1	J2	J3	J4	J5	J6	J7	J8	J9	J10	J11	J12	J13	J14	J15	J16	J17	J18	J19	J20	J21	J22	J23	J24	J25	J26	J27	J28	J29	J30	J31	J32	J33	J34	J35	J36	J37	J38	J39	J40
IT1	0	0	0	3	0	0	0	1	0	3	0	0	0	0	0	0	0	0	0	0	0	0	0	0	1	0	0	0	3	0	0	0	0	0	0	0	0	0	2	0
IT2	0	0	0	3	0	0	0	0	0	3	0	0	0	0	0	3	0	0	0	0	0	3	0	0	0	0	0	0	0	0	1	0	2	0	0	0	0	0	0	2
IT3	0	2	0	3	3	0	0	0	3	0	0	0	0	0	0	0	0	0	0	0	3	3	3	2	0	0	0	0	3	3	0	0	2	0	0	0	0	0	0	0
IT4	0	2	0	3	0	0	0	0	3	0	0	0	0	0	0	3	0	0	0	0	1	0	0	2	0	0	0	0	3	3	0	0	2	3	0	0	2	0	0	0
IT5	2	0	0	3	3	0	0	0	0	2	0	0	0	0	0	3	0	0	0	0	0	3	3	0	0	0	0	0	0	3	0	0	0	3	0	0	3	0	0	0
IT6	0	0	0	0	3	0	0	3	0	2	0	0	0	0	0	0	0	0	0	0	0	0	0	0	3	2	0	0	0	0	0	0	0	0	0	0	1	0	0	0
IT7	0	0	0	0	0	0	0	3	0	0	0	0	0	0	0	0	0	0	0	0	0	0	0	0	3	0	0	0	0	0	0	0	0	0	0	0	0	0	0	0
IT8	0	0	0	0	0	0	0	3	0	2	0	0	0	0	0	0	0	0	0	0	0	0	0	0	3	3	0	0	0	0	3	0	0	0	0	0	0	0	0	0
IT9	0	0	0	0	0	0	0	0	0	0	0	0	0	0	0	0	0	0	0	0	0	0	0	0	0	0	0	0	0	0	3	0	0	0	0	0	0	0	0	0
IT10	0	0	0	0	0	0	0	0	0	0	0	0	0	0	0	0	0	0	0	0	0	0	0	0	0	3	0	0	0	0	3	0	0	0	0	0	0	0	0	0
IT11	0	0	1	0	0	0	0	0	0	0	0	0	0	0	0	0	0	0	0	0	0	0	0	0	0	3	0	0	0	0	0	3	0	0	2	0	0	0	0	0
IT12	0	0	0	0	0	0	0	0	0	0	0	0	0	0	0	0	0	3	0	0	0	0	0	0	0	0	0	0	0	0	0	1	0	0	0	0	0	0	0	0
IT13	0	0	0	0	0	0	0	0	0	0	2	0	0	0	0	0	0	0	0	3	0	0	0	0	0	0	0	0	0	0	0	0	0	0	0	0	0	0	0	3
IT14	0	0	0	0	0	3	0	0	0	0	2	0	0	0	0	0	0	1	0	3	0	0	0	0	0	0	0	0	0	0	0	0	0	0	0	3	0	0	0	3
IT15	0	0	0	0	0	1	3	0	0	0	0	0	3	0	0	0	0	0	3	0	0	0	0	0	0	0	0	0	0	0	0	0	0	0	0	2	0	2	0	0
IT16	0	0	3	0	0	0	2	0	0	0	3	0	3	0	0	0	0	0	1	3	0	0	0	0	0	0	2	0	0	0	0	0	0	0	0	1	0	2	0	1
IT17	0	3	2	0	0	0	1	0	0	0	3	3	0	0	0	0	2	2	0	3	0	0	0	0	0	0	0	0	0	0	0	0	0	0	3	3	0	0	3	0
IT18	0	0	3	0	0	2	0	0	0	0	3	0	3	3	3	0	2	2	0	0	0	0	0	0	0	0	2	3	0	0	0	2	3	0	3	0	0	3	0	0
IT19	0	3	3	0	0	0	0	0	0	0	0	3	1	2	3	0	0	0	0	0	0	0	0	3	0	0	3	0	0	0	0	3	0	0	1	2	0	3	1	2
IT20	3	3	0	0	0	2	0	0	0	0	0	3	0	1	3	0	1	3	0	2	0	0	0	0	0	0	1	3	0	0	0	2	0	0	0	0	0	0	0	0
IT21	3	1	3	0	0	3	2	0	0	0	3	1	0	0	1	0	2	0	2	0	0	0	0	3	0	0	0	3	0	0	0	3	0	0	0	0	0	0	0	3
IT22	0	3	0	0	0	0	0	0	0	0	0	3	2	0	0	0	0	3	3	1	0	0	0	3	0	0	0	1	0	0	0	0	1	0	2	3	0	0	2	3
IT23	0	0	0	0	0	3	3	0	0	3	1	0	2	2	0	0	0	0	2	0	0	0	0	0	0	0	0	3	0	0	0	0	0	0	2	3	0	3	0	0
IT24	0	0	0	0	0	0	2	0	1	1	0	0	3	3	0	0	0	0	3	0	0	0	0	1	0	0	2	2	0	0	0	0	0	0	0	0	0	3	3	0
IT25	1	0	0	0	3	0	3	0	0	0	0	2	2	2	2	3	3	0	0	0	2	3	3	0	0	0	3	0	3	3	0	0	0	3	3	0	0	0	3	0
IT26	2	0	0	1	0	0	0	0	0	0	0	2	0	3	2	3	3	0	0	0	2	3	0	0	0	0	0	0	0	0	0	0	0	3	0	0	0	3	0	0
IT27	2	0	2	0	3	0	0	0	0	0	0	0	0	3	2	0	0	0	0	0	0	1	3	2	0	0	3	0	3	3	0	0	3	0	3	0	0	0	3	0
IT28	3	0	0	0	0	0	0	3	0	0	0	0	0	0	3	1	3	0	0	0	2	0	3	3	3	0	0	2	1	0	0	0	3	3	0	0	2	1	0	0
IT29	3	0	0	0	1	0	0	3	0	3	0	0	0	0	0	0	0	0	0	0	0	0	0	0	0	0	3	0	0	0	3	0	3	1	0	0	2	0	2	0
IT30	0	0	0	0	0	0	0	0	0	3	0	0	0	0	0	0	3	0	0	0	3	0	1	0	3	1	0	0	0	1	3	0	0	0	0	0	3	0	0	0
//unavailability
IT1 11-26
IT2
IT3 0-6 33-42
IT4 36-42
IT5 16-25
IT6 42
IT7 13-17
IT8
IT9 11-20
IT10 0
IT11
IT12
IT13
IT14
IT15
IT16
IT17 42
IT18 25-29
IT19 35-42
IT20 2-17
IT21 33-42
IT22 0-1
IT23 8-13 19-23
IT24
IT25
IT26 37-41
IT27 0-12 40-42
IT28 0-3 31-35 41-42
IT29
IT30 41-42
