22// number of internal lecturers: IT_1, ..., IT_m1
8// number of external lecturers: IT_m1+1, ..., IT_m
40// number of jury: J1, ..., Jn
0 42//
//matrix
	J1	J2	J3	J4	J5	J6	J7	J8	J9	J10	J11	J12	J13	J14	J15	J16	J17	J18	J19	J20	J21	J22	J23	J24	J25	J26	J27	J28	J29	J30	J31	J32	J33	J34	J35	J36	J37	J38	J39	J40
IT1	0	0	3	0	0	0	0	0	1	0	0	0	0	0	0	0	0	0	2	0	0	0	0	3	0	3	0	0	0	0	2	0	0	2	2	0	0	2	0	3
IT2	3	0	0	3	0	0	1	0	0	0	0	3	0	0	3	0	0	0	0	0	3	3	0	0	3	0	3	0	3	0	0	3	0	0	2	3	0	2	0	1
IT3	0	0	3	0	0	0	0	0	0	3	0	3	2	0	3	0	3	0	0	3	0	0	0	0	3	1	0	0	3	0	2	0	0	0	2	0	0	0	0	0
IT4	0	0	3	3	0	0	0	3	2	3	2	0	2	0	0	0	1	0	0	0	0	0	0	0	3	0	0	0	0	3	0	0	0	0	0	3	0	0	0	0
IT5	0	0	0	3	0	0	2	0	2	0	0	0	0	0	0	0	0	0	0	3	1	0	0	0	0	0	0	0	3	1	0	0	0	0	0	0	0	0	0	2
IT6	2	0	0	0	0	0	2	3	0	3	0	2	0	0	0	0	0	0	0	0	0	0	3	0	0	0	2	0	0	0	0	0	0	0	0	3	0	0	0	0
IT7	2	0	2	0	0	0	0	3	2	0	0	2	0	0	2	0	0	0	0	0	0	0	0	0	0	2	0	0	0	0	0	0	0	0	0	3	0	0	0	0
IT8	0	0	0	0	0	0	0	3	0	0	0	2	0	0	2	0	0	0	0	0	0	2	3	0	0	0	2	0	0	0	0	0	0	0	0	0	0	0	0	0
IT9	0	0	3	0	0	0	0	3	0	0	0	0	0	0	2	0	0	0	0	0	2	0	0	0	0	2	0	0	0	0	0	0	0	0	0	0	0	0	0	0
IT10	0	0	3	0	0	0	0	0	0	0	0	0	0	0	0	0	0	0	0	0	2	0	0	0	0	2	0	0	0	0	0	0	0	0	0	0	0	0	0	0
IT11	0	0	0	0	0	0	0	0	0	0	0	0	0	0	0	2	0	0	0	0	2	0	0	0	0	0	0	0	0	0	0	0	0	0	0	0	0	0	0	2
IT12	0	0	0	0	0	0	0	0	0	0	0	0	0	1	0	3	0	2	0	0	0	0	0	0	0	0	0	0	0	0	0	0	0	0	0	0	0	0	0	0
IT13	0	0	0	0	0	0	0	0	0	0	0	0	0	0	0	0	0	0	0	0	0	0	0	0	0	0	0	0	0	0	0	0	0	0	0	0	0	0	3	2
IT14	0	3	0	0	0	0	0	0	0	0	0	0	0	0	0	0	0	2	0	0	0	0	0	0	0	0	0	0	0	0	0	0	0	0	0	0	2	0	3	0
IT15	0	0	0	0	0	0	0	0	0	0	0	0	0	0	0	0	0	0	1	0	0	0	0	0	0	0	0	0	0	0	0	0	0	1	0	0	2	0	3	0
IT16	0	3	0	0	0	0	0	0	0	0	0	0	0	0	0	0	0	0	0	0	0	0	0	0	0	0	0	0	0	0	0	0	0	3	0	0	3	0	1	0
IT17	0	0	0	0	0	2	0	0	0	0	0	0	0	0	0	0	0	0	0	0	0	0	0	0	0	0	0	3	0	0	0	1	3	0	0	0	1	3	0	0
IT18	0	3	0	0	0	2	0	0	0	0	0	0	1	3	0	0	0	0	0	0	0	0	0	0	0	0	0	3	0	0	0	0	3	0	3	0	0	0	0	0
IT19	0	3	0	0	3	0	0	0	0	0	3	0	3	0	0	1	0	0	0	0	0	0	0	0	0	0	0	0	0	0	3	0	0	0	3	0	0	3	2	0
IT20	0	0	0	0	3	3	0	0	0	0	0	0	0	3	0	0	0	3	0	0	0	0	0	2	0	0	0	1	0	0	0	0	1	0	3	0	0	1	2	0
IT21	1	0	0	0	3	0	0	0	0	0	3	0	0	3	0	0	0	0	2	0	0	0	0	2	0	0	0	0	0	0	1	0	2	0	3	0	0	0	0	0
IT22	3	0	0	0	0	3	0	0	0	0	1	0	0	0	0	0	0	1	0	0	0	0	0	1	0	0	3	2	0	0	0	0	2	2	0	0	0	0	0	0
IT23	0	2	0	0	1	0	0	0	0	0	0	1	0	0	1	0	0	0	2	0	0	3	0	3	0	0	0	0	0	0	0	3	2	3	0	0	3	0	3	0
IT24	0	3	0	0	2	0	0	0	0	0	0	0	2	2	3	3	0	0	3	0	0	1	0	0	3	0	3	2	0	3	2	3	3	3	0	0	3	0	0	0
IT25	0	1	1	0	0	0	0	0	0	0	2	0	3	2	0	3	3	2	3	3	0	0	0	0	0	0	1	3	3	3	3	0	0	3	0	0	3	3	0	0
IT26	0	0	0	3	2	3	0	0	0	0	2	0	0	2	0	0	3	3	3	0	0	0	0	0	3	0	0	2	0	0	0	3	3	0	1	0	0	2	0	0
IT27	2	0	0	3	2	0	2	0	0	3	3	0	3	3	0	3	0	0	0	3	0	2	0	0	0	0	2	3	3	3	3	2	0	0	3	3	0	3	0	0
IT28	3	0	0	0	0	3	0	1	3	3	0	0	3	0	0	3	3	3	0	0	0	2	0	3	0	0	3	0	1	0	0	2	0	0	0	1	0	0	2	0
IT29	0	0	0	1	3	3	3	0	3	0	3	3	0	0	3	0	3	0	0	3	0	3	1	3	1	0	0	0	0	3	3	2	0	0	0	0	0	0	0	3
IT30	3	0	0	0	0	1	3	0	0	1	0	3	0	0	3	0	0	3	0	1	3	3	0	0	0	3	3	0	0	0	0	3	0	0	0	0	0	0	0	0
//unavailability
IT1
IT2 0-19 33-37
IT3 40-42
IT4 0-7 30-39
IT5 0-1
IT6 14-33
IT7 40-42
IT8 0-2 24-42
IT9 9-14 19-23 34-42
IT10
IT11 2-26
IT12 0-3
IT13 10-19 25-29
IT14 11-21
IT15 21-30
IT16 1-21
IT17
IT18 0-14 40-42
IT19 0-20
IT20 0-1
IT21 16-36
IT22 0-6 24-29
IT23 0
IT24 19-28
IT25
IT26 0-15
IT27 37-42
IT28 0-3 30-42
IT29 24-28
IT30 0-11 28-37
