17// number of internal lecturers: IT_1, ..., IT_m1
13// number of external lecturers: IT_m1+1, ..., IT_m
40// number of jury: J1, ..., Jn
0 42//
//matrix
	J1	J2	J3	J4	J5	J6	J7	J8	J9	J10	J11	J12	J13	J14	J15	J16	J17	J18	J19	J20	J21	J22	J23	J24	J25	J26	J27	J28	J29	J30	J31	J32	J33	J34	J35	J36	J37	J38	J39	J40
IT1	0	3	0	1	3	3	0	3	3	3	0	0	0	0	0	0	3	3	3	0	0	3	0	0	0	2	0	0	0	0	0	1	3	3	0	0	0	2	3	0
IT2	0	0	0	0	1	3	0	0	0	3	0	0	0	0	0	0	0	3	0	3	0	1	1	0	0	0	0	0	0	0	0	0	3	0	0	2	0	0	3	0
IT3	0	0	0	0	0	0	0	0	0	3	3	0	0	0	0	0	1	3	0	0	0	0	3	0	0	0	0	0	0	0	3	0	0	0	0	0	0	0	0	0
IT4	0	0	0	0	0	0	0	0	0	0	3	0	0	0	0	0	0	3	2	0	0	0	0	0	0	0	0	1	0	0	0	2	0	0	0	0	0	2	0	0
IT5	0	0	0	3	0	0	0	0	1	3	0	0	0	0	0	3	0	0	0	0	0	2	0	0	0	0	0	0	0	0	3	0	0	0	0	0	0	0	2	0
IT6	0	2	0	3	0	0	0	0	0	0	0	0	0	0	0	0	0	0	2	0	0	0	0	0	0	0	0	3	0	0	0	2	0	0	0	0	0	0	0	0
IT7	0	0	0	3	0	0	0	0	0	0	0	0	0	0	0	0	2	0	2	0	0	2	0	0	0	0	0	0	0	0	0	2	0	0	1	0	0	0	0	0
IT8	0	0	0	0	2	0	0	0	0	0	0	0	0	0	0	0	2	0	0	0	0	2	0	0	0	0	0	0	0	0	0	0	0	0	0	0	0	0	2	1
IT9	0	0	0	0	0	0	0	0	0	0	0	0	0	0	0	0	0	0	0	0	0	0	0	0	0	0	0	0	3	0	0	0	0	0	0	1	0	0	0	3
IT10	0	0	0	0	0	0	3	0	0	0	0	0	0	0	0	0	0	0	0	0	0	0	0	0	0	0	0	0	0	0	0	0	0	0	0	0	0	0	0	0
IT11	0	0	0	0	0	0	2	0	0	0	0	0	0	0	0	0	0	0	0	0	0	0	0	2	3	0	0	0	1	0	0	0	0	0	0	0	3	0	0	0
IT12	0	0	0	0	0	0	3	0	0	0	0	0	0	0	0	0	0	0	0	0	0	0	0	0	3	0	0	0	0	3	0	0	0	0	0	0	0	0	0	0
IT13	0	0	0	0	0	0	3	0	0	0	0	3	0	0	0	0	0	0	0	0	0	0	0	3	1	0	3	0	0	1	0	0	0	0	0	0	3	0	0	0
IT14	3	0	0	0	0	0	0	0	0	0	0	0	3	0	0	0	0	0	0	0	0	0	0	3	0	0	2	0	0	0	0	0	0	0	0	0	1	0	0	2
IT15	3	0	2	0	0	0	0	1	0	0	0	1	0	2	2	0	0	0	0	0	2	0	0	0	0	0	0	0	0	0	0	0	0	0	0	0	0	0	0	0
IT16	3	0	3	0	0	0	0	0	0	0	0	0	3	2	0	0	0	0	0	0	1	0	0	0	0	3	0	0	0	0	0	0	0	0	0	3	0	3	0	0
IT17	3	0	1	0	0	0	0	0	0	0	3	0	3	1	3	0	0	0	0	0	2	0	0	0	0	0	3	0	2	0	0	0	0	0	0	0	2	0	0	3
IT18	0	0	0	0	0	0	3	0	0	0	0	2	0	2	3	0	0	0	0	0	0	0	0	0	2	1	3	0	2	2	0	0	0	0	0	3	0	3	0	0
IT19	3	0	0	0	0	0	1	0	0	0	3	0	1	0	0	0	0	0	0	0	0	0	0	3	2	0	3	0	3	2	0	0	0	0	0	3	2	3	0	3
IT20	0	0	0	0	0	0	0	0	0	0	1	2	2	0	3	1	0	0	0	0	0	0	0	0	0	0	0	0	3	0	0	0	0	0	2	0	0	0	0	0
IT21	0	3	0	0	0	0	0	3	0	0	0	3	2	0	0	0	0	0	0	0	0	0	0	3	3	2	1	0	0	3	0	0	2	3	0	0	3	1	0	0
IT22	0	3	2	0	0	0	0	3	0	0	0	0	2	0	0	0	0	0	0	2	2	0	2	1	0	0	0	0	0	3	0	0	0	0	0	0	0	0	0	0
IT23	1	1	3	0	0	3	0	3	0	0	0	3	3	3	0	0	0	0	0	3	3	0	0	0	0	3	0	0	0	0	0	0	2	3	3	0	0	0	3	2
IT24	2	0	3	0	0	3	0	0	0	0	0	0	0	0	2	0	0	0	0	3	3	0	2	0	0	3	0	0	0	0	0	0	3	3	0	0	0	0	3	0
IT25	0	0	3	0	0	3	0	3	0	3	0	0	0	3	3	0	0	3	0	1	3	0	0	0	0	0	0	0	0	0	3	0	1	1	3	0	0	2	0	0
IT26	0	0	0	0	0	1	0	0	0	0	0	0	0	3	3	3	0	0	0	3	3	0	2	0	0	3	0	3	0	0	0	0	0	3	0	0	0	3	1	0
IT27	0	2	0	3	0	0	0	0	0	1	0	0	0	0	1	3	0	1	0	0	0	0	3	0	0	0	0	3	0	0	3	0	2	0	2	0	0	0	0	0
IT28	0	2	0	0	2	0	0	0	0	0	0	0	0	3	0	0	2	0	3	2	0	0	0	0	0	0	0	3	0	0	3	3	0	0	0	0	0	0	0	0
IT29	0	0	0	3	3	0	0	0	0	0	0	0	0	0	0	3	3	0	0	2	0	3	0	0	0	0	0	0	0	0	0	0	3	0	2	0	0	0	2	0
IT30	0	3	0	0	2	0	0	0	3	0	0	0	0	0	0	3	0	0	1	3	0	0	0	0	0	0	0	3	0	0	1	3	3	0	0	2	0	0	3	0
//unavailability
IT1 0-1
IT2 30-33
IT3 41-42
IT4 15-19
IT5
IT6
IT7
IT8
IT9 2-6
IT10
IT11
IT12
IT13
IT14
IT15 21 42
IT16 37-42
IT17 11-15
IT18
IT19
IT20 0-2 23-27
IT21
IT22
IT23
IT24
IT25
IT26 15-19
IT27 0
IT28
IT29
IT30
