16// number of internal lecturers: IT_1, ..., IT_m1
14// number of external lecturers: IT_m1+1, ..., IT_m
40// number of jury: J1, ..., Jn
0 42//
//matrix
	J1	J2	J3	J4	J5	J6	J7	J8	J9	J10	J11	J12	J13	J14	J15	J16	J17	J18	J19	J20	J21	J22	J23	J24	J25	J26	J27	J28	J29	J30	J31	J32	J33	J34	J35	J36	J37	J38	J39	J40
IT1	0	0	3	2	0	3	3	2	0	0	0	0	0	0	0	0	0	0	0	0	0	3	0	3	0	0	0	0	3	0	0	0	0	0	0	0	0	2	1	1
IT2	3	3	0	3	0	3	0	0	0	0	0	0	0	0	0	0	0	0	0	0	3	3	0	3	0	0	0	0	0	0	0	3	3	0	0	0	0	0	0	2
IT3	0	0	0	3	0	3	0	0	0	0	0	0	0	0	0	0	0	0	3	0	3	0	0	3	0	0	0	0	1	0	0	0	3	0	0	0	0	0	2	0
IT4	3	3	0	0	0	0	3	0	0	0	0	0	0	0	0	0	0	0	0	3	3	3	0	0	0	0	0	0	0	0	0	3	3	0	0	0	0	0	2	0
IT5	0	3	0	3	0	2	0	0	0	0	0	0	0	0	0	0	0	0	3	3	0	0	0	0	0	0	0	0	0	0	0	3	3	0	0	0	0	0	2	2
IT6	3	0	0	0	0	0	3	0	0	0	0	0	0	0	0	0	0	0	0	3	3	0	0	0	0	0	0	0	2	0	0	0	3	0	0	0	0	0	0	0
IT7	0	0	2	0	0	2	3	0	0	0	0	0	0	0	0	0	0	0	3	0	0	0	0	2	0	0	0	0	0	0	0	0	0	0	0	0	0	0	0	2
IT8	0	0	0	0	0	2	0	0	0	0	0	0	3	0	0	0	0	0	3	3	0	0	0	2	0	0	0	0	2	0	0	0	0	0	0	0	0	0	0	0
IT9	0	0	0	0	0	0	0	0	0	0	0	0	3	0	0	0	0	0	0	0	0	0	3	2	0	0	0	0	2	0	0	0	0	0	0	0	1	0	0	0
IT10	0	0	0	0	0	0	0	0	0	0	0	0	0	0	0	0	0	0	0	0	0	0	0	0	0	0	0	0	0	1	0	0	0	0	0	0	3	1	0	0
IT11	0	0	0	0	0	0	0	0	0	0	0	0	1	2	0	0	3	0	0	0	0	0	1	0	0	0	2	0	0	0	2	0	0	0	2	3	0	0	0	0
IT12	0	0	0	0	2	0	0	0	3	0	0	0	0	3	0	0	0	0	0	0	0	0	0	0	0	0	0	0	0	0	3	0	0	0	0	1	0	0	0	0
IT13	0	0	0	0	0	0	0	0	3	2	0	2	0	0	0	0	1	0	0	0	0	0	0	0	2	3	3	0	0	0	0	0	0	1	2	0	0	0	0	0
IT14	0	0	0	0	3	0	0	0	1	0	0	0	2	3	1	1	3	0	0	0	0	0	2	0	2	3	0	0	0	0	3	0	0	0	0	0	0	0	0	0
IT15	0	0	0	0	3	0	0	0	0	3	3	3	0	0	0	0	0	0	0	0	0	0	0	0	3	0	3	3	0	0	0	0	0	0	1	0	2	0	0	0
IT16	0	0	0	0	3	0	0	3	0	0	3	0	2	0	0	0	0	1	0	0	0	0	2	0	3	3	0	3	0	3	0	0	0	0	3	0	0	3	0	0
IT17	0	0	0	0	3	0	0	1	0	0	0	0	3	3	0	0	2	2	0	0	0	0	3	0	1	1	0	3	0	3	0	0	0	0	0	0	0	0	0	0
IT18	0	0	0	0	0	0	0	0	0	3	1	0	0	3	0	0	0	2	0	0	0	0	0	0	0	3	0	3	0	3	0	0	0	0	0	2	3	3	0	0
IT19	0	0	0	0	0	0	0	0	0	3	0	3	0	1	3	2	2	0	0	0	0	0	3	0	0	0	3	1	0	3	0	0	0	2	0	3	0	3	0	0
IT20	0	0	0	0	0	0	0	0	2	3	0	0	0	0	3	3	0	0	0	0	0	0	0	0	0	0	1	0	0	2	0	0	0	2	0	3	3	0	0	0
IT21	0	0	0	0	0	0	0	0	2	1	2	3	0	0	0	2	3	0	0	0	0	0	0	0	0	0	3	0	0	0	0	0	0	3	0	0	0	0	0	0
IT22	0	0	3	0	0	0	0	2	0	0	2	3	0	0	3	3	0	3	0	0	0	0	0	0	0	2	0	2	0	2	0	0	0	3	3	0	0	0	0	0
IT23	0	0	1	0	0	3	0	3	3	0	3	1	0	0	3	0	0	0	0	0	0	0	0	0	2	0	0	0	0	0	0	0	0	3	0	0	0	0	0	0
IT24	0	0	0	2	0	0	0	0	0	0	3	3	0	0	2	3	0	3	0	0	0	3	0	1	0	0	0	0	0	0	0	0	0	0	3	0	0	0	0	0
IT25	0	0	0	2	0	1	0	3	0	0	0	0	0	0	0	0	0	3	0	0	1	0	0	0	0	0	0	0	0	0	3	0	0	0	0	0	0	0	0	0
IT26	3	3	0	1	0	0	0	3	0	0	0	0	0	0	2	0	0	3	0	0	3	3	0	0	3	0	0	0	0	0	3	3	1	0	0	2	0	0	0	0
IT27	1	0	2	3	0	0	0	0	0	0	0	0	0	0	2	0	0	3	0	0	0	0	0	0	0	0	0	0	0	0	3	0	0	0	0	0	0	0	0	0
IT28	3	1	3	0	0	0	3	0	0	0	0	0	0	0	0	0	0	0	1	3	0	0	0	0	0	0	0	0	0	0	0	3	0	0	0	0	2	0	0	3
IT29	0	3	2	0	0	3	0	2	0	0	0	0	0	0	3	0	0	0	3	0	0	1	0	3	0	0	0	0	0	0	1	1	0	0	0	0	0	0	3	3
IT30	0	0	3	3	1	0	1	0	0	0	0	0	0	0	0	0	0	0	0	1	0	0	0	3	0	0	0	0	3	0	0	0	0	0	0	0	0	2	3	0
//unavailability
IT1 0
IT2 23-27
IT3 0-3
IT4
IT5 0-9
IT6 0-8 24-27
IT7 26-30
IT8
IT9 5-13 40-42
IT10 31-40
IT11 4-13 38-42
IT12
IT13 0-10 27-31
IT14 0-2
IT15
IT16 0-11 15-16
IT17 40-42
IT18
IT19
IT20 0-14
IT21 0-2
IT22 0-2
IT23
IT24
IT25 24-32
IT26 0-4 30-31
IT27
IT28 16-20 38-42
IT29 7-17
IT30
