19// number of internal lecturers: IT_1, ..., IT_m1
11// number of external lecturers: IT_m1+1, ..., IT_m
40// number of jury: J1, ..., Jn
0 42//
//matrix
	J1	J2	J3	J4	J5	J6	J7	J8	J9	J10	J11	J12	J13	J14	J15	J16	J17	J18	J19	J20	J21	J22	J23	J24	J25	J26	J27	J28	J29	J30	J31	J32	J33	J34	J35	J36	J37	J38	J39	J40
IT1	0	3	0	0	3	0	0	0	0	1	0	3	3	1	0	0	0	0	0	3	0	0	0	1	0	0	0	0	3	0	0	0	0	0	0	0	0	0	0	0
IT2	0	0	1	0	0	0	0	3	0	3	3	3	3	0	0	0	0	0	0	3	0	0	1	0	0	0	0	0	3	0	3	0	0	0	0	2	1	0	0	0
IT3	0	3	0	0	1	0	0	0	0	0	0	0	3	0	0	0	0	0	0	0	0	0	0	0	0	0	0	0	0	0	3	0	0	0	0	0	0	0	0	0
IT4	0	3	0	0	0	0	0	0	0	0	0	0	0	0	0	0	0	0	0	0	0	0	0	2	0	3	0	0	0	0	3	0	0	0	0	0	2	3	0	0
IT5	0	0	0	0	0	0	3	0	0	0	0	0	0	3	0	0	0	0	3	0	0	0	3	0	1	0	0	0	0	0	3	0	0	0	0	0	0	3	0	0
IT6	0	3	3	0	0	0	3	0	0	2	2	0	0	3	0	0	0	0	0	0	0	0	3	2	0	3	0	0	0	0	0	0	0	0	0	0	0	0	0	0
IT7	0	0	3	0	0	0	0	0	0	0	0	2	0	3	0	0	0	0	3	0	0	0	0	0	0	0	0	0	2	0	0	0	0	0	0	0	0	0	2	0
IT8	0	0	0	0	0	0	0	0	0	2	0	2	0	0	0	0	0	0	0	0	0	0	3	0	0	3	0	0	3	0	0	0	0	2	0	0	0	0	2	0
IT9	0	0	0	0	0	0	0	0	0	0	0	0	0	0	0	0	0	0	0	0	0	0	0	0	0	0	0	0	0	0	0	0	0	2	0	0	0	0	0	0
IT10	0	0	0	0	0	0	0	0	0	2	0	0	0	0	0	0	0	0	0	0	0	0	0	0	0	0	0	0	0	0	0	0	0	0	0	0	0	0	0	0
IT11	0	0	0	0	0	0	0	0	0	0	0	0	0	0	0	0	0	0	0	0	3	2	0	0	0	0	3	3	0	0	0	0	0	0	2	0	0	0	0	2
IT12	0	0	0	3	0	0	0	0	0	0	0	0	0	0	0	0	0	0	0	0	3	3	0	0	0	0	3	1	0	0	0	0	0	0	3	0	0	0	0	1
IT13	0	0	0	3	0	0	0	0	3	0	0	0	0	0	3	0	0	0	0	0	1	3	0	0	0	0	1	0	0	2	0	0	3	0	0	0	0	0	0	2
IT14	0	0	0	1	0	2	0	0	1	0	0	0	0	0	3	0	0	3	0	0	0	0	0	0	0	0	0	0	0	3	0	0	0	0	3	0	0	0	0	0
IT15	0	0	0	0	0	2	0	0	0	0	0	0	0	0	0	0	0	0	0	0	0	3	0	0	0	0	0	0	0	0	0	0	1	0	0	0	0	0	3	0
IT16	0	0	0	0	0	1	0	0	0	0	0	0	0	0	1	0	1	3	0	0	0	0	0	0	0	0	0	2	0	0	0	0	3	3	0	0	0	0	0	0
IT17	3	0	0	0	0	3	0	0	2	0	0	0	0	0	0	0	3	1	0	0	0	0	0	0	0	0	2	0	0	0	0	0	0	3	0	0	0	0	3	0
IT18	3	0	0	2	0	0	0	0	0	0	0	0	0	0	0	3	0	0	0	0	0	0	0	0	0	0	2	2	0	3	0	2	0	0	3	3	0	0	1	0
IT19	0	0	0	0	0	0	0	0	2	0	0	0	0	0	2	3	0	0	0	2	0	3	0	0	0	0	0	0	0	3	0	3	2	1	0	3	2	0	0	3
IT20	0	0	0	2	0	0	0	0	0	0	0	0	0	0	2	0	2	2	0	0	2	1	0	0	0	0	0	3	0	0	0	3	0	3	3	0	0	0	0	0
IT21	0	0	0	3	0	3	0	0	3	0	3	0	0	0	0	3	2	0	0	2	2	0	0	0	0	0	0	3	0	3	0	0	3	2	1	3	3	0	2	3
IT22	1	0	0	0	0	3	0	3	3	0	3	0	2	0	2	0	3	2	0	2	3	0	0	0	0	0	3	0	0	0	0	1	3	0	0	0	0	0	0	3
IT23	2	0	0	0	2	3	0	3	0	0	0	3	2	0	3	1	3	3	0	3	0	0	0	0	0	0	0	0	0	1	0	2	0	0	0	0	3	0	3	0
IT24	2	0	0	0	2	0	0	3	0	0	1	0	3	0	0	2	0	3	0	1	0	0	0	0	0	0	0	0	0	0	0	0	0	0	0	0	0	0	3	0
IT25	0	0	0	0	0	3	3	3	0	0	0	1	1	0	0	2	3	0	0	0	0	0	0	0	0	0	0	0	1	0	3	2	0	3	0	2	0	0	0	0
IT26	2	0	0	0	0	0	0	1	0	0	0	0	0	0	0	0	0	0	0	0	0	0	0	2	2	0	0	0	0	0	1	3	0	0	0	3	0	3	0	0
IT27	3	1	3	0	0	0	3	0	0	0	2	0	0	3	0	3	0	0	0	0	0	0	0	0	2	0	0	0	0	0	0	0	2	0	0	3	3	3	0	0
IT28	3	3	0	0	2	0	3	0	0	0	2	0	2	0	0	2	0	0	0	3	0	0	3	3	2	0	0	0	3	0	0	3	0	0	0	0	0	3	0	0
IT29	0	0	3	0	0	0	0	0	0	0	0	3	0	3	0	0	0	2	1	3	0	0	0	3	3	0	0	0	3	0	0	0	0	0	0	1	3	1	0	0
IT30	0	0	3	0	3	0	1	0	0	3	3	2	3	0	0	0	0	0	0	0	0	0	3	0	3	1	0	0	0	0	0	0	0	0	0	0	3	0	0	0
//unavailability
IT1 23-42
IT2 38-42
IT3 0-5
IT4 30-42
IT5 0-14 36-41
IT6 3-7 35-39
IT7 0-17 34-38
IT8 0-18
IT9 17-26 38-42
IT10 10-19
IT11 0-13 35-39
IT12 17-37
IT13 0
IT14 0-6
IT15 6-20
IT16 0-7 30-42
IT17 1-5
IT18 0-6
IT19 27-42
IT20 0-13
IT21 0-5 11-16 22-32
IT22 2-7 13-22
IT23 0-20
IT24 0-4
IT25 0-11 39-42
IT26 11-31
IT27 13-17
IT28 26-41
IT29 26-31
IT30 2-11 38-42
