24// number of internal lecturers: IT_1, ..., IT_m1
6// number of external lecturers: IT_m1+1, ..., IT_m
40// number of jury: J1, ..., Jn
0 42//
//matrix
	J1	J2	J3	J4	J5	J6	J7	J8	J9	J10	J11	J12	J13	J14	J15	J16	J17	J18	J19	J20	J21	J22	J23	J24	J25	J26	J27	J28	J29	J30	J31	J32	J33	J34	J35	J36	J37	J38	J39	J40
IT1	0	0	0	0	0	0	3	0	0	3	0	3	3	0	1	0	0	0	2	0	0	0	3	0	3	0	0	0	0	3	1	1	0	0	0	0	0	0	0	0
IT2	0	0	0	0	0	1	0	0	3	1	0	0	3	0	0	0	0	3	0	0	0	0	0	0	1	0	0	0	0	0	0	0	0	0	0	0	0	2	0	2
IT3	0	0	0	0	0	3	3	0	1	0	0	0	0	0	0	3	3	3	2	0	0	0	3	0	0	0	0	0	2	1	0	0	0	0	0	3	0	0	0	0
IT4	3	0	0	0	0	0	0	0	0	0	0	0	0	0	0	0	3	3	0	2	0	0	3	3	0	0	0	2	0	0	0	2	0	0	0	3	3	0	3	0
IT5	3	0	0	3	0	0	0	0	0	0	0	0	0	0	3	3	3	0	0	0	1	0	3	0	0	0	0	0	2	0	3	2	0	0	0	0	3	0	0	2
IT6	0	0	0	3	0	0	0	0	0	0	0	0	0	0	0	0	0	0	0	2	3	0	3	1	0	0	0	0	2	2	0	0	0	0	0	0	3	0	3	0
IT7	0	0	0	0	0	0	2	0	0	2	0	0	0	0	3	0	3	0	0	0	0	0	0	0	0	0	0	0	0	2	3	0	0	0	3	0	0	0	3	0
IT8	0	0	0	0	0	0	0	3	0	0	0	0	0	0	0	0	0	0	0	0	0	0	0	0	2	0	0	0	0	0	0	2	0	0	3	0	0	0	0	0
IT9	0	0	0	0	0	0	2	3	2	2	0	0	0	0	0	0	0	0	0	0	0	0	0	0	2	0	0	0	0	0	0	0	0	0	0	0	0	0	3	0
IT10	0	0	0	0	0	0	0	0	2	0	0	0	0	0	0	0	0	0	0	0	0	0	0	0	2	0	0	0	0	2	0	0	0	0	0	0	0	0	0	0
IT11	0	0	0	0	0	0	0	3	2	0	0	0	0	0	0	0	0	0	0	0	0	0	0	0	0	0	0	0	0	0	0	0	0	0	0	0	0	0	0	0
IT12	0	0	0	0	0	0	0	0	0	0	0	0	0	0	0	0	0	0	0	0	0	0	0	0	0	0	0	0	0	0	0	0	2	3	0	0	0	0	2	0
IT13	0	2	0	0	0	0	0	0	0	0	0	0	0	0	0	0	0	0	0	0	0	0	0	0	0	0	0	0	0	0	0	0	2	3	0	0	0	0	3	0
IT14	0	0	0	0	0	0	0	0	0	0	0	0	0	0	0	0	0	0	0	0	0	0	0	0	0	0	0	0	0	0	0	0	2	3	0	0	0	0	0	0
IT15	0	2	3	0	0	0	0	0	0	0	0	0	0	0	0	0	0	0	0	0	0	1	0	0	0	0	0	0	0	0	0	0	0	3	0	0	0	0	0	0
IT16	0	1	2	0	2	0	0	0	0	0	0	0	0	0	0	0	0	0	0	0	0	0	0	0	0	3	0	0	0	0	0	0	0	0	0	0	0	0	0	0
IT17	0	3	3	0	1	0	0	0	0	0	2	0	0	0	0	0	0	0	0	0	0	0	0	0	0	2	0	0	0	0	0	0	0	0	0	0	0	3	0	0
IT18	0	0	0	0	3	0	0	0	0	0	3	0	0	2	0	0	0	0	3	0	0	0	0	0	0	1	3	0	0	0	0	0	0	0	0	0	0	3	0	0
IT19	0	0	3	0	0	0	0	0	0	0	3	0	0	3	0	0	0	0	1	0	0	0	0	0	0	0	1	3	0	0	0	0	0	0	0	0	0	0	0	3
IT20	0	0	3	0	0	0	0	0	0	0	0	0	0	0	0	0	0	0	0	0	0	0	0	0	0	0	2	0	0	0	0	0	0	0	0	0	0	1	0	1
IT21	0	3	0	0	2	0	0	0	0	0	1	3	0	3	0	0	0	2	0	3	0	3	0	0	0	2	0	3	3	0	0	0	0	2	0	0	0	0	0	0
IT22	0	0	0	0	2	0	0	0	0	0	0	3	0	3	0	0	0	2	0	1	0	3	0	0	0	3	0	3	0	0	0	0	1	0	0	0	0	2	0	0
IT23	0	3	0	0	3	3	0	3	0	0	2	3	3	0	0	0	0	2	0	0	0	0	0	0	0	0	0	1	3	0	0	0	0	0	0	0	0	0	0	0
IT24	0	0	0	0	0	3	3	3	0	0	0	0	3	0	0	0	0	1	3	0	0	3	0	0	0	3	2	2	1	0	0	0	0	0	0	3	0	2	0	0
IT25	0	3	1	1	3	3	3	0	0	0	2	0	0	0	0	1	0	3	3	0	0	3	0	0	0	0	2	2	0	0	0	0	3	0	0	3	0	0	0	0
IT26	0	3	0	0	3	3	0	1	0	0	0	2	1	3	0	0	1	0	0	0	0	2	0	0	0	3	0	0	0	0	3	0	0	0	0	0	0	3	0	3
IT27	1	0	0	0	0	0	1	0	0	0	3	2	3	3	0	0	3	0	3	3	3	2	1	2	0	0	3	0	0	0	3	0	3	0	0	3	3	3	0	0
IT28	0	0	0	0	0	0	0	0	0	0	3	2	0	2	3	0	0	0	0	2	3	2	0	2	0	0	3	0	3	0	3	3	3	3	0	1	3	0	0	3
IT29	0	0	0	0	0	0	2	0	0	2	0	3	0	1	3	0	0	0	0	3	3	0	0	2	3	0	3	3	3	0	0	3	0	0	1	0	0	0	1	3
IT30	0	0	0	0	0	0	3	0	3	3	0	1	0	0	3	0	0	3	2	3	3	3	0	3	0	0	0	0	3	3	0	0	3	1	0	0	1	0	0	2
//unavailability
IT1 0-5 16-25
IT2 0-2
IT3 0-23
IT4 0-10 37-42
IT5 0 6-21
IT6
IT7 4-8 40-42
IT8 9-14 30-42
IT9 4-23
IT10 0-6
IT11 2-17
IT12 22-35 42
IT13 4-8 15-19
IT14
IT15 16-21
IT16 14-29 40-42
IT17 0-20 42
IT18 6-8 11-21
IT19 0-18
IT20 9-24
IT21 0-1 28-38
IT22 0-10
IT23
IT24 8-28
IT25 6-15 21-25 37-42
IT26 26-42
IT27 20-35
IT28
IT29 22-27
IT30 14-19
