20// number of internal lecturers: IT_1, ..., IT_m1
10// number of external lecturers: IT_m1+1, ..., IT_m
40// number of jury: J1, ..., Jn
0 42//
//matrix
	J1	J2	J3	J4	J5	J6	J7	J8	J9	J10	J11	J12	J13	J14	J15	J16	J17	J18	J19	J20	J21	J22	J23	J24	J25	J26	J27	J28	J29	J30	J31	J32	J33	J34	J35	J36	J37	J38	J39	J40
IT1	0	0	0	0	0	3	0	0	1	0	0	0	0	0	0	0	0	0	0	2	0	1	0	0	0	0	0	3	0	0	0	0	3	0	3	0	0	0	3	3
IT2	0	0	2	0	0	0	0	3	0	0	0	0	0	3	0	0	0	0	0	0	0	3	1	0	0	0	0	3	0	2	0	0	0	0	3	0	0	0	0	0
IT3	0	0	0	0	0	3	0	0	0	0	3	0	0	2	0	0	0	0	0	0	3	0	0	0	0	1	1	0	3	2	0	0	3	0	3	0	0	0	0	0
IT4	0	0	0	0	0	0	0	3	3	0	0	0	3	3	0	0	0	0	3	0	3	0	0	0	0	3	0	0	0	0	0	0	0	0	0	0	0	0	2	0
IT5	0	0	0	0	0	0	0	0	0	0	3	0	3	3	0	0	0	0	3	0	0	0	0	0	0	0	0	0	3	0	0	0	0	0	0	0	0	0	0	0
IT6	0	0	0	0	0	0	0	0	3	0	0	0	3	0	0	0	0	0	3	0	3	0	0	0	0	0	0	0	3	0	0	0	0	0	0	0	0	0	2	0
IT7	0	0	0	0	0	0	0	0	3	0	3	0	0	0	0	0	0	0	0	0	0	2	3	0	0	0	0	0	0	0	0	0	0	0	0	0	0	0	2	0
IT8	0	0	0	0	0	0	0	0	0	0	0	0	3	0	2	0	0	0	0	0	0	2	3	0	0	0	0	0	0	0	0	0	0	0	0	0	0	0	0	0
IT9	0	0	0	0	0	0	0	0	0	0	0	0	0	0	3	0	0	0	0	0	0	0	0	0	0	0	0	0	0	0	0	0	0	0	0	0	0	0	0	0
IT10	0	0	0	0	0	0	0	0	0	0	0	0	0	0	0	0	0	0	0	0	0	0	3	0	0	0	0	0	0	0	1	0	0	0	0	0	0	0	0	0
IT11	0	0	0	0	0	0	0	0	0	0	0	0	0	0	3	0	0	0	0	0	0	0	0	0	0	0	0	0	0	0	3	0	0	0	0	0	0	0	0	0
IT12	0	0	0	0	0	0	3	0	0	0	0	0	0	0	3	3	0	0	0	0	0	0	0	0	0	0	0	0	0	0	0	0	0	0	0	2	0	0	0	0
IT13	0	0	0	0	1	0	3	0	0	0	0	0	0	0	0	3	0	0	0	0	0	0	0	0	0	0	0	0	0	0	0	0	0	0	0	0	2	3	0	0
IT14	0	0	0	3	0	0	0	0	0	0	0	0	0	0	0	0	0	1	0	0	0	0	0	1	0	0	0	0	0	0	0	0	0	0	0	3	0	2	0	0
IT15	0	0	0	3	0	0	1	0	0	0	0	0	0	0	0	3	3	0	0	0	0	0	0	0	0	0	0	0	0	0	0	0	0	3	0	0	2	3	0	0
IT16	2	0	0	3	0	0	0	0	0	2	0	0	0	0	0	0	0	0	0	1	0	0	0	0	0	0	0	0	0	0	2	0	0	0	0	3	2	3	0	0
IT17	2	3	3	1	0	2	0	0	0	2	0	0	0	0	0	0	1	0	0	0	0	0	0	0	0	0	0	0	0	0	0	3	0	3	0	3	3	0	0	0
IT18	0	0	0	0	3	0	0	0	0	3	0	3	0	0	0	0	0	0	0	0	0	0	0	0	0	0	3	0	0	1	2	3	0	3	0	0	1	3	0	2
IT19	1	3	3	0	3	0	2	0	0	0	0	0	0	0	0	0	0	3	0	0	0	0	0	2	3	0	3	0	0	3	3	3	0	1	0	0	0	0	0	2
IT20	0	0	1	2	0	0	2	0	0	3	0	3	0	0	0	0	2	3	0	3	0	0	0	2	3	0	3	0	0	0	0	3	0	2	0	3	0	0	0	0
IT21	2	3	0	2	3	0	3	0	0	0	0	3	0	0	0	1	2	3	0	0	0	0	0	3	0	0	3	0	0	0	3	3	0	2	0	0	0	0	3	1
IT22	0	3	0	0	0	0	0	0	0	0	0	3	0	0	0	0	3	3	0	3	0	0	0	3	3	0	0	0	0	0	0	0	3	0	3	1	0	0	1	2
IT23	0	0	2	2	3	3	0	0	0	0	0	1	0	0	3	2	0	0	0	3	0	0	0	3	1	0	0	3	0	0	0	0	3	2	0	0	3	3	0	0
IT24	3	2	2	0	0	0	0	3	0	3	0	0	0	2	0	0	3	3	0	0	0	0	0	0	0	3	0	0	0	2	0	2	0	0	3	0	3	1	0	0
IT25	3	2	3	3	0	3	0	0	0	3	0	0	0	2	3	0	0	0	0	3	0	0	0	0	2	0	0	3	0	0	0	2	1	3	1	0	0	0	0	0
IT26	3	3	3	0	2	1	0	3	0	3	3	0	0	3	0	0	0	0	3	2	3	0	0	0	2	3	2	3	0	3	0	1	0	0	0	0	3	0	0	0
IT27	3	1	0	0	2	0	0	3	0	0	3	0	0	3	1	0	0	0	3	0	0	0	0	0	2	0	2	1	3	3	0	0	0	0	0	0	0	0	0	3
IT28	0	0	0	0	0	2	0	1	3	1	1	2	3	0	0	0	0	2	0	0	3	0	0	0	3	3	0	0	0	0	0	0	0	0	0	0	0	0	3	0
IT29	3	0	0	0	0	2	0	0	3	0	0	2	0	1	0	0	0	0	1	2	0	2	3	0	0	3	0	0	3	3	0	0	0	0	0	0	0	0	0	3
IT30	0	0	0	0	0	3	0	0	0	0	0	0	1	0	0	0	0	2	0	3	1	3	3	0	0	0	0	0	1	0	0	0	0	0	0	0	0	0	3	3
//unavailability
IT1 15-19
IT2
IT3
IT4
IT5
IT6
IT7
IT8
IT9 17-18 37-42
IT10
IT11
IT12
IT13
IT14 9-13
IT15
IT16
IT17
IT18
IT19
IT20 13-17
IT21 39-42
IT22
IT23
IT24
IT25
IT26
IT27 34-38
IT28
IT29
IT30
