31// number of internal lecturers: IT_1, ..., IT_m1
9// number of external lecturers: IT_m1+1, ..., IT_m
50// number of jury: J1, ..., Jn
0 42//
//matrix
	J1	J2	J3	J4	J5	J6	J7	J8	J9	J10	J11	J12	J13	J14	J15	J16	J17	J18	J19	J20	J21	J22	J23	J24	J25	J26	J27	J28	J29	J30	J31	J32	J33	J34	J35	J36	J37	J38	J39	J40	J41	J42	J43	J44	J45	J46	J47	J48	J49	J50
IT1	0	3	3	0	0	0	0	0	2	0	0	0	0	0	0	0	0	0	0	0	0	0	3	0	3	0	0	0	0	0	0	0	0	0	3	0	0	0	0	0	0	2	0	0	0	0	0	0	0	1
IT2	0	0	0	3	0	0	0	1	0	0	0	0	0	0	0	3	0	0	0	0	3	0	0	0	3	0	0	0	0	0	0	0	1	0	2	0	2	0	0	0	1	3	0	0	0	0	0	2	0	0
IT3	0	0	0	3	0	1	3	0	0	0	0	0	0	0	3	0	0	0	0	0	0	0	0	0	0	0	0	0	0	3	3	3	0	0	2	0	3	0	0	0	0	0	0	0	3	0	0	0	3	0
IT4	0	0	0	3	0	0	0	0	0	0	0	0	3	0	3	3	0	0	0	0	3	0	0	0	0	3	3	0	0	0	0	0	0	0	3	0	0	0	0	0	0	3	0	0	0	0	0	0	3	0
IT5	0	0	0	0	0	0	3	0	0	0	3	0	3	0	3	0	0	0	0	0	0	0	0	0	0	0	0	0	0	3	3	3	0	0	0	0	3	0	3	0	0	0	0	0	3	0	0	0	3	0
IT6	0	0	0	0	0	0	0	0	0	0	0	0	3	0	0	0	0	0	0	0	3	2	0	0	0	0	0	0	0	0	0	0	0	0	0	0	0	0	3	0	3	0	0	0	0	3	0	0	0	0
IT7	1	0	0	0	0	0	1	0	0	0	3	3	0	0	0	0	0	0	0	0	0	2	0	0	0	0	0	0	0	3	0	3	0	0	0	0	3	0	0	0	0	0	0	0	0	0	0	0	0	0
IT8	0	0	0	0	0	0	3	0	0	0	0	3	0	3	0	0	0	0	0	0	0	0	0	0	0	1	0	0	0	0	0	3	0	0	0	0	0	0	0	0	0	0	0	0	0	0	0	0	3	0
IT9	0	2	0	0	0	0	3	0	0	0	0	0	3	3	0	0	0	0	0	0	0	0	0	0	0	0	0	0	0	3	0	3	3	0	0	0	0	0	0	0	3	0	0	0	0	0	0	0	0	0
IT10	0	0	0	2	0	0	0	2	0	0	0	0	0	0	0	0	0	0	0	0	0	1	0	0	0	0	0	0	0	0	0	0	3	0	0	0	0	0	0	0	3	0	0	0	0	0	0	2	0	0
IT11	0	2	0	0	0	0	0	0	0	2	0	0	3	0	0	0	0	0	0	0	0	0	0	0	0	0	0	0	0	0	0	0	0	0	0	0	0	0	0	3	3	0	0	0	0	0	0	0	0	0
IT12	0	0	0	0	0	3	0	3	0	0	0	0	0	0	0	0	0	0	0	0	0	0	0	0	0	0	0	0	0	0	0	0	0	0	0	0	0	0	0	0	0	2	0	0	0	0	0	0	2	0
IT13	0	0	0	0	0	0	2	0	0	0	0	0	0	0	0	0	0	0	0	0	0	0	0	0	0	0	0	0	0	0	0	0	0	0	0	0	0	0	0	0	0	0	0	0	0	0	0	0	0	0
IT14	0	0	0	0	0	0	0	0	0	3	0	0	0	0	0	0	0	0	0	0	0	0	0	0	0	0	0	0	1	0	0	0	2	0	0	0	0	0	0	3	0	0	0	0	0	0	0	0	0	0
IT15	0	0	0	0	0	0	0	0	0	3	0	0	0	0	0	0	0	0	0	0	0	0	0	0	0	0	0	0	0	0	0	0	0	0	0	0	0	0	0	0	0	0	0	0	0	0	0	0	0	0
IT16	0	0	0	0	0	0	0	0	0	0	0	0	0	0	0	0	0	0	0	0	0	0	0	0	0	0	0	0	0	0	0	0	3	0	0	0	0	0	0	0	0	0	0	3	0	0	0	0	3	0
IT17	0	0	0	0	0	0	0	0	0	0	0	0	0	0	0	0	0	0	0	0	0	0	0	1	0	0	0	0	0	0	0	0	0	2	0	0	0	0	0	0	0	0	0	0	0	0	0	0	0	0
IT18	0	0	0	0	0	0	0	0	0	0	0	0	2	0	0	0	0	0	0	0	0	0	0	0	0	0	0	0	0	0	0	0	0	0	0	0	0	0	0	0	0	0	0	3	0	0	0	0	0	0
IT19	0	0	0	0	0	0	0	0	0	0	0	0	0	0	0	0	0	0	0	0	0	0	0	0	0	0	0	0	0	0	0	0	0	0	0	0	0	3	0	0	0	0	0	0	0	0	0	0	0	0
IT20	0	0	0	0	0	0	0	0	0	0	0	0	0	0	0	0	3	0	0	0	2	0	0	0	0	0	0	0	0	0	0	0	0	2	0	0	0	0	0	0	0	0	2	0	0	0	0	0	0	0
IT21	0	0	0	0	0	0	0	0	0	0	0	0	0	0	0	0	0	2	0	0	0	0	0	0	0	0	0	0	0	0	0	0	0	0	0	0	0	1	0	0	0	0	0	0	0	0	1	0	0	0
IT22	0	0	0	0	1	0	0	0	0	0	0	0	0	0	0	0	1	0	0	0	0	0	0	0	0	0	0	0	2	0	0	0	0	1	0	2	0	0	0	0	0	0	3	0	0	0	2	0	0	0
IT23	0	0	0	1	0	0	0	0	0	1	0	0	0	0	0	0	0	0	3	0	2	0	0	0	0	0	0	2	3	0	0	0	0	0	0	0	0	0	0	0	0	0	0	0	0	0	0	0	0	0
IT24	0	0	1	0	0	0	0	0	0	0	0	0	0	0	0	0	3	1	0	0	0	0	0	3	0	0	0	0	0	0	0	0	0	0	0	2	0	0	0	2	0	0	0	0	0	0	0	0	0	0
IT25	0	0	0	0	3	0	0	0	0	0	0	0	0	0	0	0	0	2	3	0	1	3	0	3	0	0	1	0	0	0	0	0	0	0	0	0	0	2	0	2	0	0	3	3	0	0	0	3	0	0
IT26	0	0	0	0	0	0	0	0	0	0	0	0	0	0	0	0	0	2	0	3	0	0	0	2	0	0	0	2	0	0	0	0	0	0	0	3	0	0	1	3	0	0	3	0	0	1	0	0	0	0
IT27	0	0	0	0	3	0	0	0	0	0	0	0	0	0	0	0	0	0	3	0	0	3	0	0	3	0	0	0	0	0	0	0	0	3	0	1	0	0	0	0	0	0	0	1	0	0	2	3	0	0
IT28	0	0	3	0	0	0	0	0	3	0	0	0	0	0	0	0	2	0	0	3	0	0	0	0	0	0	0	1	2	0	0	0	0	3	0	3	0	2	0	0	0	0	2	0	0	0	0	0	0	0
IT29	0	0	0	0	3	0	0	0	2	3	0	0	0	0	0	0	2	0	0	0	0	0	0	0	3	0	0	0	3	0	0	0	0	3	0	0	0	3	0	0	0	0	0	0	0	0	3	3	0	0
IT30	0	1	3	0	3	0	0	0	3	0	0	1	0	0	0	2	3	0	2	3	3	0	1	0	3	0	0	2	0	0	0	0	0	0	3	0	0	0	0	0	0	0	0	0	0	0	0	0	0	0
IT31	0	0	0	0	0	0	0	0	3	3	0	3	0	0	0	2	0	0	0	1	0	0	0	0	0	0	3	3	0	0	0	0	0	3	3	0	0	0	0	0	0	3	3	0	0	0	3	1	0	0
IT32	0	0	3	3	0	0	0	0	3	0	0	0	0	0	3	3	3	3	0	0	3	2	2	2	0	2	0	3	3	0	0	0	0	0	1	3	1	3	0	0	0	0	0	0	0	0	0	0	0	0
IT33	2	0	0	0	3	0	0	0	2	3	0	0	0	0	0	3	0	0	2	2	0	0	0	2	0	0	3	0	0	0	0	0	0	3	0	0	2	0	0	0	0	3	3	0	0	3	3	0	0	0
IT34	2	3	3	0	0	0	0	0	0	0	0	0	0	0	0	3	0	0	0	2	0	0	0	0	0	0	0	0	3	0	0	0	0	0	0	0	2	0	3	0	0	0	0	0	1	0	0	3	0	0
IT35	0	0	0	3	0	0	3	0	0	0	0	0	0	0	3	0	0	3	1	0	0	0	0	0	0	2	0	0	0	0	1	0	0	0	3	3	3	0	0	0	0	0	0	2	0	0	0	2	0	0
IT36	2	3	0	0	2	0	0	0	0	0	0	3	0	0	0	1	0	3	3	0	0	0	0	3	1	0	3	3	0	3	0	0	0	0	0	0	0	0	3	0	0	0	0	0	0	3	0	0	1	3
IT37	3	0	0	0	2	0	0	0	0	0	0	3	0	0	1	0	0	3	2	2	0	3	0	3	0	3	3	0	0	0	0	1	0	0	0	3	3	0	0	0	0	0	1	0	0	3	0	0	0	0
IT38	0	3	0	2	0	0	0	0	0	0	1	0	0	0	0	0	0	0	0	3	0	0	2	0	0	2	0	0	0	0	0	0	3	0	0	0	0	0	3	0	3	1	0	2	0	0	0	0	0	3
IT39	3	2	0	0	0	0	0	0	1	0	0	0	1	0	0	2	0	3	0	0	0	3	3	0	0	0	0	3	0	0	0	0	0	0	0	0	0	0	0	0	0	2	0	2	0	3	0	0	0	0
IT40	0	0	0	2	0	3	0	3	3	0	0	0	0	1	0	0	0	0	0	0	0	0	2	0	0	0	0	3	0	1	0	0	3	0	0	0	0	0	0	1	0	3	0	3	0	0	0	0	0	0
//unavailability
IT1
IT2 15-38
IT3 22-30 36-40
IT4 4-8 30-42
IT5 0-6
IT6 26-42
IT7
IT8 16-24 29-42
IT9 38-42
IT10 0-5 21-22 25-29
IT11 32-37
IT12 21-27 39-42
IT13
IT14 0-8 25-29 36-42
IT15 0-12
IT16 21-37
IT17 22-30 36-40
IT18 11-14 35-42
IT19 0 4-23
IT20 1-4 7-19
IT21 14-27 40-42
IT22 1-19
IT23 18-31 36-42
IT24 36-39
IT25 6-10 29-40
IT26 2-9 26-42
IT27 0-2 18-21
IT28 14-18 23-26 38-42
IT29 9-13 41-42
IT30 18-27 42
IT31 0-1 25-31 37-38 42
IT32
IT33 2-5 36-40
IT34 0-2 36-42
IT35 23-42
IT36
IT37 35-42
IT38 12 19-21
IT39 18-42
IT40 0-2
