27// number of internal lecturers: IT_1, ..., IT_m1
13// number of external lecturers: IT_m1+1, ..., IT_m
50// number of jury: J1, ..., Jn
0 42//
//matrix
	J1	J2	J3	J4	J5	J6	J7	J8	J9	J10	J11	J12	J13	J14	J15	J16	J17	J18	J19	J20	J21	J22	J23	J24	J25	J26	J27	J28	J29	J30	J31	J32	J33	J34	J35	J36	J37	J38	J39	J40	J41	J42	J43	J44	J45	J46	J47	J48	J49	J50
IT1	3	1	0	0	0	2	0	0	0	0	0	0	0	3	2	0	0	0	0	1	0	0	0	0	1	0	0	3	0	0	0	0	0	3	0	0	0	0	0	0	0	0	0	0	0	0	0	0	2	0
IT2	0	0	0	0	0	0	0	0	0	0	0	0	0	0	0	0	0	0	0	0	0	0	0	0	0	0	0	0	0	0	0	1	0	0	3	0	0	0	2	3	0	3	0	0	0	0	0	0	0	3
IT3	0	0	0	0	0	2	0	0	0	0	0	0	0	0	2	0	0	3	0	3	0	0	3	3	0	0	0	3	0	3	0	0	0	0	0	0	0	0	0	0	0	0	2	0	0	0	0	0	0	3
IT4	0	0	0	0	2	0	0	0	0	0	0	0	0	3	0	0	0	0	0	0	0	3	0	0	0	0	0	0	0	0	0	0	0	3	3	0	0	0	0	0	0	3	0	0	0	0	0	0	0	0
IT5	0	0	0	0	0	0	3	0	0	0	0	0	0	3	0	0	2	0	0	0	0	0	0	3	0	0	0	0	3	0	0	0	0	3	0	3	0	0	0	0	0	0	0	0	0	0	3	0	0	3
IT6	0	3	0	0	0	0	0	0	0	3	0	0	0	0	0	0	2	2	0	0	0	3	0	0	0	0	0	2	0	0	0	0	3	0	1	0	0	0	0	0	0	0	0	0	0	0	3	0	1	3
IT7	0	0	0	0	2	0	3	0	0	0	0	0	0	0	0	0	0	0	0	0	0	0	0	0	0	0	0	0	0	0	0	0	0	0	0	3	0	0	0	0	0	0	0	0	0	0	0	0	0	0
IT8	0	0	0	0	0	0	0	0	0	0	0	0	0	0	0	0	0	0	0	0	0	0	0	0	0	0	0	0	0	0	0	0	3	0	3	0	0	0	0	0	0	2	0	0	0	0	0	0	0	0
IT9	0	3	0	0	0	0	0	0	0	3	0	0	0	0	0	0	0	0	0	0	0	0	0	0	0	0	0	2	0	0	0	0	0	0	0	3	0	0	0	0	0	0	0	0	0	0	0	0	0	0
IT10	0	0	0	0	0	0	0	0	0	0	0	0	0	0	0	0	0	0	0	0	0	0	0	0	0	0	0	0	0	0	0	0	0	0	0	3	0	0	0	0	0	0	0	0	0	0	0	0	0	0
IT11	0	0	0	0	0	0	0	0	0	3	0	0	0	0	0	0	0	0	0	2	0	0	0	0	0	0	0	2	0	0	0	0	0	2	0	0	0	0	0	0	0	0	0	0	0	0	0	0	0	0
IT12	0	0	0	0	0	1	0	0	0	0	0	0	0	0	0	0	0	0	0	0	0	0	0	0	0	0	0	0	0	0	0	0	0	2	0	0	0	0	0	0	0	0	3	0	0	0	0	0	0	0
IT13	0	0	2	0	0	0	0	0	0	0	0	0	0	0	0	0	0	0	0	0	0	0	0	0	0	0	0	0	0	0	0	0	0	2	0	0	0	0	0	0	0	0	0	0	0	2	0	0	0	0
IT14	0	0	0	0	0	0	0	0	0	0	0	0	1	0	0	0	0	0	0	3	0	0	0	0	0	0	0	0	0	0	0	0	0	0	2	0	0	0	0	0	0	0	3	0	0	0	0	0	0	0
IT15	0	0	3	0	0	0	0	0	0	0	3	0	0	0	0	0	0	0	0	0	0	0	0	0	0	0	0	0	0	0	0	0	0	0	0	0	0	0	0	0	0	0	1	0	0	3	0	0	0	0
IT16	0	0	0	0	0	0	0	0	0	0	0	3	0	0	0	0	0	0	0	3	0	0	0	3	0	0	0	0	0	0	0	0	0	0	0	0	0	0	0	0	0	0	0	0	3	0	0	0	0	0
IT17	0	0	3	0	0	0	0	3	0	0	3	0	0	0	0	0	0	0	0	0	2	0	0	0	0	0	0	0	0	0	0	0	0	0	0	0	0	0	0	0	0	0	0	0	3	3	0	0	0	0
IT18	0	0	0	0	0	0	0	0	0	0	0	0	3	0	0	0	0	0	0	0	0	0	0	2	0	0	0	0	0	0	0	0	0	0	0	0	0	0	0	0	0	0	0	0	0	0	0	0	0	0
IT19	0	0	0	0	0	0	0	0	0	0	0	3	0	0	0	0	0	0	0	0	3	0	0	3	0	0	0	0	0	0	0	0	0	0	3	0	0	2	0	0	0	0	0	3	0	0	0	3	0	0
IT20	0	0	3	0	0	0	0	0	0	0	0	3	3	0	0	0	0	0	2	0	0	0	0	0	0	0	0	0	0	0	0	0	0	0	0	0	0	0	0	0	0	0	0	3	1	0	0	1	0	0
IT21	0	0	0	0	1	0	0	0	1	0	0	0	0	0	0	0	0	0	0	0	3	0	0	0	0	0	0	0	0	0	0	0	0	0	0	0	2	2	0	0	0	0	0	3	0	0	0	0	0	0
IT22	0	0	0	0	0	0	0	0	0	0	0	0	0	0	0	0	0	0	2	0	0	0	0	0	0	0	0	0	0	0	0	0	0	0	0	0	3	0	1	0	0	0	0	0	0	0	0	0	0	0
IT23	0	0	0	2	0	0	0	0	0	0	3	0	0	0	3	0	0	0	0	0	0	0	1	0	0	0	3	0	0	0	2	0	0	0	0	0	2	0	0	0	0	0	0	1	2	0	0	0	0	0
IT24	0	0	0	2	0	0	0	1	0	0	0	0	0	0	0	0	0	0	3	0	0	0	0	0	0	3	2	0	0	0	0	0	0	0	0	0	0	1	0	1	0	0	0	0	0	3	0	0	0	0
IT25	0	0	3	3	0	0	0	0	2	0	0	2	0	1	0	3	0	0	1	0	0	0	0	0	0	0	0	0	0	0	2	0	0	0	0	0	0	0	0	0	3	0	0	0	0	3	0	0	0	0
IT26	0	0	0	0	0	0	1	0	3	0	2	0	0	0	0	0	3	0	3	0	0	0	0	0	3	0	0	0	1	0	0	0	0	0	0	0	1	0	0	0	0	0	0	2	0	0	0	2	0	0
IT27	0	0	0	3	3	0	0	0	0	0	1	2	0	0	0	0	0	0	0	0	3	0	0	0	3	0	1	0	0	0	3	2	0	0	0	0	0	0	0	2	3	2	0	0	0	0	0	0	0	0
IT28	3	0	1	0	0	0	0	3	0	0	2	0	0	0	1	0	0	0	0	0	0	0	0	0	3	0	0	0	0	0	3	0	0	0	0	0	0	0	0	0	3	0	0	0	2	1	0	2	0	0
IT29	0	0	0	3	0	0	0	2	3	0	0	3	0	0	0	0	1	0	0	0	3	0	0	0	0	2	0	0	0	0	3	3	0	0	0	0	0	0	0	2	1	2	0	0	3	0	0	0	0	0
IT30	0	0	0	3	0	2	0	3	0	0	3	1	0	0	2	0	0	3	3	3	0	0	0	0	0	1	2	3	0	3	3	0	0	0	0	0	2	3	3	0	0	0	0	0	0	0	0	0	0	0
IT31	3	0	0	0	0	0	0	0	3	0	0	0	3	0	3	0	0	0	0	0	0	0	3	0	2	2	2	1	0	0	0	3	0	0	0	0	3	0	3	0	0	1	2	0	0	0	0	3	0	3
IT32	3	0	0	0	0	3	0	0	0	0	0	0	0	3	0	1	2	3	0	3	1	0	0	3	0	0	3	0	0	0	0	3	0	0	0	0	0	3	3	3	0	3	2	0	0	0	0	3	0	0
IT33	0	0	0	0	0	0	0	2	0	0	0	0	3	3	3	2	0	1	3	0	0	0	0	0	0	0	3	0	3	3	1	3	0	3	0	0	3	0	3	2	2	0	0	3	0	0	0	0	3	0
IT34	0	0	0	0	2	3	3	0	0	0	0	0	0	0	0	0	3	0	0	0	0	0	3	0	2	2	0	0	3	3	0	0	0	0	0	0	3	3	3	0	2	0	0	2	0	0	0	0	0	0
IT35	1	0	0	3	0	0	0	0	0	0	0	0	0	0	3	0	0	2	3	0	0	0	3	1	2	3	3	0	0	1	0	0	0	0	0	0	0	0	0	3	2	0	3	0	0	0	0	0	0	0
IT36	2	3	0	0	0	3	0	0	0	0	0	0	2	0	0	2	0	0	0	0	0	1	0	0	0	3	0	0	0	0	0	0	1	1	0	0	0	0	0	0	0	0	0	0	0	0	0	0	0	0
IT37	0	0	0	0	3	0	3	0	0	0	0	0	2	0	0	2	3	2	0	0	0	0	0	0	0	3	0	3	3	3	0	0	0	0	0	3	0	3	0	0	3	0	0	0	0	0	1	0	2	0
IT38	2	3	0	0	3	0	3	0	0	1	0	0	0	0	0	3	3	3	0	0	0	0	3	0	3	0	0	3	0	0	0	3	0	0	3	0	0	0	0	3	0	3	0	2	0	0	0	0	0	1
IT39	3	0	0	1	3	0	0	0	2	0	0	0	0	0	0	3	0	0	0	0	0	0	0	0	0	0	0	0	0	0	0	2	0	3	0	1	0	0	0	0	0	0	0	0	0	0	0	2	2	0
IT40	2	3	0	0	0	0	0	0	0	0	0	0	2	0	0	3	0	3	0	0	0	0	0	0	0	0	0	0	0	0	0	0	0	0	0	0	0	0	2	3	0	3	0	0	0	0	0	0	3	0
//unavailability
IT1 11-24
IT2
IT3 0-8
IT4
IT5
IT6
IT7
IT8
IT9
IT10 0-2
IT11 0-3 20-24
IT12
IT13 6-15 31-35
IT14
IT15 7-11 14 31-35 41-42
IT16 37-40
IT17
IT18 40-42
IT19 0-8 28-31
IT20
IT21 1-5
IT22 1-2 16-25
IT23 38-42
IT24 29-32
IT25 41-42
IT26 33-42
IT27
IT28
IT29 0-3 39-42
IT30 0-16
IT31 3-8
IT32
IT33
IT34
IT35 0-4
IT36
IT37 25-29
IT38 31-42
IT39
IT40
