29// number of internal lecturers: IT_1, ..., IT_m1
11// number of external lecturers: IT_m1+1, ..., IT_m
50// number of jury: J1, ..., Jn
0 42//
//matrix
	J1	J2	J3	J4	J5	J6	J7	J8	J9	J10	J11	J12	J13	J14	J15	J16	J17	J18	J19	J20	J21	J22	J23	J24	J25	J26	J27	J28	J29	J30	J31	J32	J33	J34	J35	J36	J37	J38	J39	J40	J41	J42	J43	J44	J45	J46	J47	J48	J49	J50
IT1	0	2	3	0	3	3	0	0	0	0	0	0	3	3	3	0	0	0	1	0	0	0	3	0	0	3	3	0	0	0	0	0	0	2	0	0	0	0	3	0	0	0	0	2	0	0	0	0	0	0
IT2	1	2	0	3	0	3	0	3	0	0	0	0	3	0	1	0	0	0	0	0	2	3	0	0	0	0	0	0	3	3	0	0	0	0	0	0	0	0	0	0	0	0	0	0	0	0	0	0	3	0
IT3	0	0	0	0	3	3	0	0	2	0	0	0	3	3	0	0	3	0	3	2	0	0	3	0	0	0	0	0	1	2	0	0	0	2	0	0	0	0	3	0	0	0	0	0	0	0	0	0	0	0
IT4	0	0	0	3	0	0	3	0	0	0	0	0	0	0	0	0	3	1	3	0	1	0	0	0	3	0	0	0	0	3	0	0	0	0	0	0	0	0	0	0	0	0	0	0	0	3	0	0	3	2
IT5	3	0	0	0	3	0	3	0	2	0	0	0	0	2	0	1	3	0	0	0	0	3	0	0	0	0	0	0	0	0	0	0	0	0	0	0	0	0	0	0	0	3	0	0	0	0	0	0	0	3
IT6	0	0	2	0	0	0	0	0	0	0	0	0	0	2	0	3	3	0	0	0	0	0	0	0	0	0	0	0	0	0	0	0	0	0	0	0	0	3	2	0	3	0	3	0	0	0	0	0	3	3
IT7	3	0	0	2	0	0	0	0	0	0	0	0	0	0	0	0	0	0	0	0	0	0	0	0	3	3	0	0	0	2	0	2	0	0	0	0	3	0	0	0	0	0	3	0	0	0	0	0	0	0
IT8	3	0	0	0	0	0	0	0	0	0	0	0	0	0	3	0	0	0	0	0	0	0	0	2	0	0	0	0	0	0	0	0	0	0	0	0	0	3	2	0	3	0	0	0	0	0	0	0	0	0
IT9	0	0	2	0	0	0	0	0	0	0	0	0	0	0	3	0	0	0	0	0	0	0	2	0	0	3	0	0	0	0	0	2	0	0	0	0	3	0	0	0	0	0	0	0	2	0	0	0	0	3
IT10	0	0	0	2	0	0	0	2	0	0	0	0	0	0	0	0	0	0	0	0	0	0	0	2	0	0	0	0	0	0	0	0	0	0	0	0	0	0	2	0	0	0	0	0	0	0	0	0	0	0
IT11	3	0	0	2	0	0	0	0	0	0	0	0	0	0	0	0	0	3	0	0	0	0	2	0	0	0	0	0	0	0	0	2	0	0	0	0	3	0	0	0	0	0	0	0	1	0	0	0	0	3
IT12	0	0	0	0	0	0	0	2	0	0	0	0	0	0	3	2	0	0	0	0	3	0	0	0	0	0	0	0	0	0	0	0	0	0	0	2	0	0	0	0	0	0	0	0	2	0	0	0	0	0
IT13	0	0	0	0	0	0	0	1	0	0	0	0	0	0	0	0	0	0	0	0	3	0	0	0	0	0	0	0	0	0	0	0	0	0	0	0	0	0	0	0	0	3	0	0	0	0	0	0	0	0
IT14	0	0	0	0	0	0	0	0	0	0	0	0	0	0	0	3	0	0	0	0	0	0	0	0	0	0	0	0	0	0	0	0	0	0	0	0	0	0	0	0	0	0	0	0	0	0	0	0	0	0
IT15	0	0	0	0	0	0	0	0	0	0	2	0	0	0	0	0	0	0	0	0	0	0	0	0	0	0	0	0	0	2	0	0	0	0	0	3	0	0	0	0	0	0	0	0	0	0	0	2	2	0
IT16	0	0	0	0	0	0	0	0	0	0	3	0	0	0	0	0	0	0	0	0	0	0	0	0	0	0	0	0	0	0	0	0	0	0	0	3	0	0	0	0	0	0	0	0	0	0	0	3	0	0
IT17	0	3	0	0	0	0	0	0	0	3	3	0	0	0	0	0	0	0	0	0	0	0	0	0	0	0	0	0	0	0	0	0	2	0	0	0	0	0	0	0	0	0	0	0	0	0	0	0	2	0
IT18	0	3	0	0	0	0	0	0	0	0	3	0	0	0	0	0	0	0	0	0	0	0	0	0	0	0	0	0	0	0	0	0	0	0	0	0	0	0	0	0	0	0	0	0	0	0	0	0	0	0
IT19	0	3	0	0	0	0	0	0	0	0	0	0	0	0	0	0	0	2	0	0	0	0	0	0	0	0	0	0	0	0	0	0	0	0	3	0	0	0	0	0	0	0	0	0	2	0	2	3	0	0
IT20	0	0	0	0	0	0	0	0	0	0	0	0	0	0	0	0	0	0	0	0	0	0	0	0	0	0	0	0	0	0	0	0	0	3	0	0	0	0	0	0	0	0	0	0	0	0	0	0	0	0
IT21	0	3	0	0	0	0	0	0	0	0	0	0	0	0	0	0	0	0	0	0	0	0	0	0	0	0	0	0	0	0	3	0	3	0	0	0	0	0	0	0	0	0	0	3	0	0	0	3	0	0
IT22	0	0	0	0	0	0	0	0	0	0	0	0	0	0	0	0	0	0	0	0	0	0	0	0	0	0	0	3	0	0	0	0	0	3	0	0	0	0	0	0	0	0	0	0	0	0	0	0	0	0
IT23	0	0	0	0	0	0	0	0	0	1	0	1	0	0	0	0	0	0	0	3	0	0	0	0	0	0	0	3	0	0	3	0	3	0	0	0	0	0	0	0	0	0	0	0	0	1	0	0	0	0
IT24	0	0	0	0	0	0	0	0	3	0	0	0	0	0	0	0	0	0	0	0	0	0	0	0	0	0	0	0	0	0	1	0	1	0	0	0	0	0	0	0	0	0	0	3	0	0	0	0	0	0
IT25	0	0	0	0	0	0	0	0	0	2	0	2	0	0	0	0	0	0	0	3	0	0	0	0	0	0	0	0	0	0	0	0	0	0	0	0	0	0	0	0	0	0	0	0	0	0	0	0	0	0
IT26	0	0	0	0	0	0	0	0	0	0	0	3	0	0	0	0	0	0	0	0	0	0	0	0	0	0	0	0	0	0	0	0	0	0	1	1	0	0	0	3	0	0	0	1	0	0	2	0	0	0
IT27	0	0	0	0	0	0	0	0	1	2	0	0	2	0	0	0	0	0	0	1	0	0	0	0	0	0	0	0	0	0	2	0	0	0	2	0	0	0	0	0	0	0	0	0	0	0	0	3	0	0
IT28	0	0	3	0	0	0	0	0	0	0	0	0	0	0	0	0	0	0	0	0	0	0	0	1	0	0	0	0	0	0	0	0	3	0	0	0	0	0	0	1	0	0	0	2	0	0	3	0	0	0
IT29	0	0	0	0	0	0	0	0	0	2	0	3	0	0	0	0	0	0	0	0	0	0	0	0	0	0	0	0	2	0	2	1	3	0	2	0	0	0	0	0	0	0	0	0	0	0	0	0	0	0
IT30	0	1	1	0	0	3	0	0	0	3	0	0	3	3	0	0	0	0	0	0	3	0	0	0	0	0	0	0	0	0	0	0	3	0	3	0	0	1	3	3	0	0	0	0	0	3	3	0	0	0
IT31	0	0	0	3	1	0	0	0	2	3	0	3	2	0	0	0	0	0	3	2	0	0	0	0	0	0	1	0	0	0	0	0	0	1	0	0	0	0	0	0	0	0	0	0	0	3	3	0	0	0
IT32	0	0	0	0	0	3	0	0	0	0	0	0	0	0	0	0	0	0	0	0	0	0	0	0	0	0	0	3	2	3	3	0	0	3	3	3	0	0	0	0	0	0	0	3	0	3	1	1	0	0
IT33	0	0	0	0	0	0	0	0	3	0	0	0	0	0	0	3	3	0	3	2	0	0	1	0	0	0	0	1	0	3	3	0	0	3	0	0	0	0	1	2	0	0	0	0	0	0	0	0	0	2
IT34	0	0	0	1	0	0	0	0	0	0	0	0	0	1	0	3	0	0	0	3	0	1	0	0	0	0	0	3	2	0	0	0	0	0	0	3	0	0	0	2	0	0	0	3	0	3	0	0	3	2
IT35	0	0	2	0	0	1	0	0	3	0	0	0	0	0	0	3	0	0	3	3	0	0	0	0	1	0	0	0	0	1	0	0	0	0	0	0	0	0	0	2	0	0	3	0	0	0	0	0	0	0
IT36	0	0	0	0	0	0	1	0	0	0	0	0	1	2	0	0	0	0	0	0	0	0	0	2	0	1	0	2	3	0	0	0	0	0	0	3	0	0	0	3	0	0	0	0	0	0	0	0	3	0
IT37	0	0	3	0	0	0	0	0	0	0	0	2	0	3	0	0	0	0	0	0	0	0	3	0	0	0	0	0	0	0	0	3	0	0	0	0	0	0	3	0	1	0	3	0	3	0	0	0	0	1
IT38	3	0	3	3	3	0	0	0	3	0	0	0	2	3	0	0	0	0	0	0	2	0	3	3	0	0	0	2	0	0	0	0	0	0	0	0	0	0	3	3	0	1	1	0	3	0	0	0	1	3
IT39	0	0	0	3	0	0	0	2	0	0	1	0	0	0	3	0	0	3	0	0	2	0	2	0	0	0	3	0	0	3	0	3	0	2	0	0	1	0	0	3	0	0	3	0	0	0	0	0	0	0
IT40	0	2	0	0	0	0	0	3	0	0	0	0	3	0	0	0	1	0	0	0	0	0	0	3	0	0	0	2	0	0	2	0	0	0	0	0	0	0	0	0	0	0	0	2	0	0	0	0	2	0
//unavailability
IT1 0-2 23-27
IT2 27-41
IT3 0-1
IT4 24-28
IT5 17-25
IT6
IT7 39-42
IT8 0
IT9 19-28 33 42
IT10
IT11 8-17
IT12 0-10 30-31 37-40
IT13 0-6 12-16 37-41
IT14 0-4
IT15 1-3 29-42
IT16 17-21 37-42
IT17 0-2
IT18 17-32
IT19 0-2 29-39
IT20
IT21
IT22
IT23 20-35
IT24 0-5 32-42
IT25 13-18
IT26 34-42
IT27
IT28 15-19
IT29
IT30
IT31 11-20 27-30 42
IT32 32-36
IT33 38-42
IT34
IT35 0-1 7-16
IT36 13-16 36-42
IT37 16-17
IT38 1-10 36-42
IT39
IT40 6-9
