23// number of internal lecturers: IT_1, ..., IT_m1
17// number of external lecturers: IT_m1+1, ..., IT_m
50// number of jury: J1, ..., Jn
0 42//
//matrix
	J1	J2	J3	J4	J5	J6	J7	J8	J9	J10	J11	J12	J13	J14	J15	J16	J17	J18	J19	J20	J21	J22	J23	J24	J25	J26	J27	J28	J29	J30	J31	J32	J33	J34	J35	J36	J37	J38	J39	J40	J41	J42	J43	J44	J45	J46	J47	J48	J49	J50
IT1	0	0	0	0	0	0	0	0	3	0	0	3	0	0	3	0	0	0	1	0	0	0	0	0	0	0	3	3	3	0	0	0	3	0	0	0	0	0	0	0	0	0	0	0	0	0	2	0	0	0
IT2	0	0	0	3	0	0	0	0	0	0	0	3	0	0	0	3	0	0	0	0	0	0	0	0	0	1	0	0	0	0	0	0	0	0	0	0	0	0	0	0	3	0	0	0	0	0	2	0	0	2
IT3	3	0	0	0	0	0	0	0	0	0	0	3	0	0	0	3	0	0	3	0	0	0	0	0	0	0	0	0	3	0	0	0	0	0	0	0	0	0	0	0	0	0	0	0	0	0	0	0	0	2
IT4	0	0	0	0	0	0	0	0	0	0	0	0	0	0	0	0	0	0	0	0	0	3	0	0	0	0	0	0	0	0	0	0	0	3	0	0	0	0	3	0	2	0	0	0	0	0	0	3	0	0
IT5	3	0	0	0	3	0	0	0	0	0	0	0	0	0	0	0	0	0	0	0	0	0	0	0	0	0	1	0	0	0	0	0	0	0	0	0	0	0	1	0	0	0	0	0	0	0	0	0	0	0
IT6	0	0	0	0	0	0	0	3	0	0	0	0	3	0	0	0	0	0	0	0	0	0	0	0	0	0	0	0	0	0	0	0	0	0	0	0	0	0	3	0	1	0	3	0	0	0	0	0	0	0
IT7	3	0	0	0	0	2	0	0	0	0	0	0	0	0	0	0	1	0	2	0	0	0	0	0	0	3	2	0	0	0	0	0	0	0	0	0	0	0	0	0	0	0	0	0	0	0	0	3	0	2
IT8	0	0	0	0	3	0	0	0	0	0	0	0	3	0	0	0	0	0	0	0	0	0	0	3	0	0	0	0	0	0	0	0	0	0	0	0	0	0	0	0	0	0	3	0	0	0	0	0	0	0
IT9	0	0	0	0	0	0	0	0	0	0	0	0	0	0	0	0	0	0	2	0	0	0	3	3	0	0	0	0	0	0	0	0	0	0	0	0	0	0	0	0	0	0	0	0	0	0	0	0	0	0
IT10	0	0	0	0	0	3	0	0	0	0	0	0	0	0	0	0	0	0	0	0	0	2	3	0	0	3	0	0	0	0	0	0	0	0	0	0	3	0	0	0	0	0	0	0	0	0	0	0	0	0
IT11	0	0	2	0	0	3	0	0	0	0	0	0	0	0	0	0	0	0	0	0	0	0	0	0	0	0	0	0	0	0	3	0	0	0	0	0	0	0	0	0	0	0	0	0	0	0	0	0	3	0
IT12	0	0	0	0	0	0	0	0	3	0	0	0	0	0	1	0	0	0	0	0	0	0	0	3	0	0	0	0	0	0	0	0	0	0	0	0	0	0	0	0	0	0	0	0	0	0	0	0	0	0
IT13	0	0	3	0	0	3	0	0	0	0	0	0	0	1	0	0	0	0	0	0	0	0	0	0	0	0	0	0	0	0	0	0	0	0	0	0	0	0	0	0	0	0	0	0	0	0	0	0	3	0
IT14	0	0	0	0	0	0	0	0	0	0	0	0	0	0	0	0	0	0	0	0	0	3	0	0	0	0	0	0	0	0	0	0	0	0	0	2	0	1	0	0	0	0	0	0	2	0	0	0	0	0
IT15	0	0	3	0	0	3	0	0	0	0	0	0	0	0	0	0	3	2	0	0	0	0	0	0	3	0	0	0	0	0	0	0	0	1	0	0	0	0	0	0	0	0	0	0	0	0	0	0	0	0
IT16	0	0	0	0	0	0	0	0	0	0	0	0	0	0	0	0	0	0	0	0	0	0	0	0	2	0	0	0	0	0	1	0	0	0	0	3	1	0	0	3	0	0	0	2	0	0	0	0	1	0
IT17	0	0	3	0	0	0	3	0	0	2	0	0	0	3	0	0	3	0	0	0	1	0	0	0	0	0	0	0	0	1	0	0	0	0	0	3	0	0	0	0	0	0	0	0	3	0	0	0	0	0
IT18	0	0	0	0	0	3	0	0	0	0	0	0	0	0	0	0	0	3	0	0	0	0	0	0	3	0	0	0	0	0	0	0	0	0	2	3	0	2	0	0	0	0	0	3	0	0	1	0	0	0
IT19	0	3	0	0	0	0	0	0	0	3	0	0	0	3	0	0	0	3	0	2	0	0	0	0	0	0	0	0	0	0	2	3	0	0	0	0	0	0	0	3	0	1	0	3	3	0	0	0	0	0
IT20	0	3	0	0	0	0	1	0	0	0	0	0	0	0	0	0	0	0	0	0	0	0	0	0	3	0	0	1	0	0	0	0	0	0	1	0	0	3	0	0	0	0	0	0	0	0	0	0	2	0
IT21	0	3	0	0	0	0	0	0	0	0	1	0	0	0	0	0	0	0	0	2	2	0	0	0	0	0	0	0	0	0	0	0	0	0	0	0	0	0	0	1	0	0	0	0	3	0	0	0	0	0
IT22	0	0	0	1	0	0	0	0	0	0	3	0	0	3	0	0	0	0	0	0	3	0	0	0	3	0	0	0	0	0	3	0	0	0	0	3	0	3	0	0	0	0	0	3	0	0	3	0	2	3
IT23	0	3	0	0	0	0	0	0	0	0	0	0	0	0	0	0	2	0	0	3	3	0	0	0	0	0	0	0	0	0	2	1	1	0	0	0	3	0	0	3	0	0	0	0	0	1	0	0	0	3
IT24	0	0	0	0	0	0	2	0	0	3	3	0	0	0	0	0	0	0	0	3	3	0	0	0	0	0	0	0	0	0	3	2	0	0	3	0	3	3	0	0	0	0	0	0	0	0	0	0	3	3
IT25	0	0	0	0	0	0	2	0	0	3	0	0	0	0	0	0	0	0	0	0	3	1	0	0	0	0	0	2	0	3	0	0	0	0	2	0	2	0	0	0	0	2	0	0	0	0	3	0	0	0
IT26	0	0	0	0	0	0	0	0	0	3	3	0	0	0	0	0	2	3	0	0	0	0	0	0	0	0	0	3	0	0	0	2	3	0	0	0	0	0	0	0	0	3	0	0	0	0	0	0	0	1
IT27	1	0	0	0	0	0	0	0	0	0	0	0	0	0	3	0	3	0	0	0	0	0	0	0	0	0	0	2	0	3	0	0	3	0	3	0	2	0	0	2	0	0	0	0	0	2	0	0	0	0
IT28	0	0	0	0	0	0	3	1	3	1	0	2	0	0	3	0	0	3	3	0	0	0	0	0	0	0	0	3	0	0	0	2	0	0	3	0	0	0	0	2	0	3	0	3	1	0	0	0	0	0
IT29	0	0	0	0	0	0	0	0	0	0	3	0	0	2	3	0	0	0	0	3	0	0	0	0	0	0	0	2	0	3	0	0	0	0	0	1	0	0	0	3	0	0	0	0	0	2	0	0	0	0
IT30	0	0	0	3	0	0	3	0	0	0	0	2	0	3	0	0	0	0	0	1	0	0	0	0	0	0	0	0	3	0	0	0	0	0	0	0	0	0	0	0	0	0	0	3	0	0	2	0	0	0
IT31	0	1	0	0	0	0	0	0	0	0	0	0	0	2	3	0	0	1	3	0	0	3	0	0	0	0	0	0	0	0	0	0	3	0	0	0	0	0	0	0	0	3	0	0	0	3	0	0	0	0
IT32	0	0	0	3	0	0	0	0	0	0	0	2	0	0	0	0	0	0	0	0	0	3	0	0	0	0	0	0	3	2	0	0	0	3	0	0	0	0	3	0	2	3	0	1	0	3	0	0	0	0
IT33	2	2	0	0	0	0	0	0	0	0	3	0	0	0	0	0	0	0	3	0	2	3	0	0	0	0	0	0	0	2	0	0	2	3	0	0	0	0	0	0	0	0	0	0	0	3	0	0	0	0
IT34	3	0	3	3	0	0	0	3	2	0	2	0	0	0	0	0	0	0	0	0	0	0	0	0	1	0	2	0	0	0	0	0	0	0	0	0	0	0	3	0	0	0	0	0	0	0	0	3	0	0
IT35	2	0	3	3	0	0	0	3	0	0	0	0	3	0	0	0	0	0	0	0	0	0	0	0	0	0	0	0	0	2	0	3	0	0	0	0	2	0	0	0	0	0	0	0	0	0	3	3	0	3
IT36	2	0	0	0	0	0	0	3	0	0	2	0	0	0	0	1	0	0	2	2	0	0	0	0	0	0	0	0	1	0	0	0	0	3	0	0	0	0	0	0	3	0	0	0	0	0	0	3	0	0
IT37	0	0	1	0	0	0	0	0	0	0	0	1	3	0	0	0	0	0	0	0	0	0	0	1	0	3	2	0	0	0	0	3	0	3	0	0	0	0	3	0	2	0	0	0	0	0	3	0	0	0
IT38	0	0	0	0	0	0	0	3	0	0	0	3	0	0	0	3	0	0	0	0	0	0	0	0	0	3	3	3	0	3	0	0	3	0	0	0	0	0	0	0	0	2	1	0	0	0	0	0	0	0
IT39	0	0	0	0	1	1	0	0	3	0	0	0	3	0	0	0	0	0	3	0	0	0	0	0	0	3	0	0	0	0	0	3	2	0	0	0	0	0	0	0	0	3	0	0	0	0	0	1	0	0
IT40	3	0	0	0	0	0	0	0	1	0	0	3	1	0	0	3	0	0	0	0	0	0	1	0	0	0	0	0	3	0	0	0	0	0	0	0	0	0	0	0	0	2	0	0	0	2	0	0	0	0
//unavailability
IT1 0-9
IT2 31-35
IT3 0-11 42
IT4 41-42
IT5 0-2 4-5
IT6 40-42
IT7 26-38
IT8 0 39-42
IT9 1-4 30-31
IT10 3-11 37-41
IT11
IT12 21-25
IT13 39-42
IT14 0 5-19
IT15 0-1
IT16 3
IT17 0-8
IT18 1-4
IT19 26-30 36-42
IT20 20-28 40-42
IT21 0-8
IT22
IT23 11
IT24 13-16
IT25 0-1
IT26
IT27
IT28 26-42
IT29 4-11
IT30 24-38
IT31
IT32 41-42
IT33 8-12 17-21 40-42
IT34 10-13 29-31
IT35 39-41
IT36 3-7 27-28
IT37 8-17 42
IT38 0-10
IT39 30-42
IT40
