32// number of internal lecturers: IT_1, ..., IT_m1
8// number of external lecturers: IT_m1+1, ..., IT_m
50// number of jury: J1, ..., Jn
0 42//
//matrix
	J1	J2	J3	J4	J5	J6	J7	J8	J9	J10	J11	J12	J13	J14	J15	J16	J17	J18	J19	J20	J21	J22	J23	J24	J25	J26	J27	J28	J29	J30	J31	J32	J33	J34	J35	J36	J37	J38	J39	J40	J41	J42	J43	J44	J45	J46	J47	J48	J49	J50
IT1	3	0	0	0	2	0	2	3	2	0	3	0	0	0	0	3	0	0	3	0	0	0	0	0	1	3	0	2	0	0	0	3	0	0	0	0	0	1	0	0	3	0	0	0	0	0	0	0	0	0
IT2	0	0	0	0	0	0	0	0	0	0	0	0	0	1	0	0	0	0	0	0	0	0	3	0	0	0	0	0	0	0	3	0	0	3	0	0	0	0	3	2	0	0	0	0	0	0	3	0	0	0
IT3	3	0	0	3	2	3	2	0	0	0	3	0	0	3	0	3	0	3	0	0	0	0	0	0	0	0	0	0	0	2	3	0	0	0	0	0	0	0	0	1	3	0	0	0	1	0	0	0	0	0
IT4	0	0	2	3	0	0	0	0	0	0	0	0	0	0	0	0	0	0	0	0	0	0	0	0	0	0	0	1	0	0	0	0	0	3	0	0	0	0	3	0	0	0	0	0	0	3	0	2	0	2
IT5	0	0	0	3	2	0	0	0	0	0	0	0	0	0	0	0	0	0	0	0	3	0	3	0	0	2	0	0	0	0	0	2	0	3	0	0	0	0	3	0	0	1	0	0	0	0	2	0	0	0
IT6	0	0	0	3	0	0	0	0	0	0	0	0	0	0	0	0	0	0	0	0	0	0	0	0	0	0	0	0	0	0	2	0	3	0	3	0	0	2	3	0	0	0	0	0	0	1	0	2	0	2
IT7	0	0	0	0	0	0	0	0	0	0	0	2	0	0	0	0	0	0	0	0	3	0	0	0	2	2	0	0	0	0	0	2	3	0	0	0	0	0	0	0	0	0	0	0	0	0	0	3	0	0
IT8	0	0	0	0	0	3	0	0	0	3	0	2	0	0	0	0	0	0	0	0	3	0	0	0	2	0	0	0	0	0	2	0	0	0	3	0	0	0	0	0	0	0	0	0	0	0	0	0	0	0
IT9	0	0	0	3	0	0	0	0	0	3	0	2	0	2	0	0	0	0	0	0	0	0	0	0	0	2	0	0	0	0	3	0	0	0	0	0	0	0	0	0	0	0	0	0	0	0	2	0	0	0
IT10	3	0	0	0	0	0	0	0	0	2	0	0	0	0	0	0	0	0	0	0	0	0	0	3	0	0	0	0	0	0	2	0	3	0	0	0	0	0	0	0	0	0	0	0	0	0	0	0	0	0
IT11	2	0	0	0	0	0	0	0	0	0	2	0	0	2	0	0	0	0	0	2	0	0	0	0	0	0	0	0	0	0	0	0	0	0	0	0	0	0	0	0	0	2	0	0	3	0	0	0	0	0
IT12	0	0	0	0	0	0	0	0	0	0	0	0	0	0	0	0	0	0	0	0	0	0	0	3	0	0	0	0	2	0	0	0	3	0	0	0	0	0	0	0	0	3	0	0	3	0	0	1	0	0
IT13	0	0	3	0	0	0	0	2	0	0	0	0	0	2	0	0	0	0	0	0	0	0	0	0	0	0	1	0	3	0	0	0	0	0	0	0	0	0	0	0	0	3	0	0	3	0	0	0	0	0
IT14	0	0	3	2	0	0	0	0	0	0	0	0	0	0	0	0	0	0	0	0	0	0	0	0	0	0	0	0	3	0	0	0	0	0	0	0	0	0	0	0	0	3	0	0	3	0	0	0	0	0
IT15	0	1	1	0	0	0	0	0	0	0	0	0	1	0	0	0	0	0	0	2	0	0	0	0	0	0	0	0	0	0	0	0	0	0	0	0	0	0	0	0	0	0	0	0	0	0	2	0	0	2
IT16	0	0	0	0	0	0	0	0	0	0	0	0	0	0	0	0	0	0	0	0	0	0	0	0	0	0	0	0	3	0	0	0	0	0	0	0	0	0	0	0	0	0	0	0	0	0	0	0	0	0
IT17	0	0	0	0	0	0	0	0	0	0	0	0	0	0	0	0	0	0	0	0	0	0	0	0	0	0	0	0	3	0	0	0	0	0	0	0	0	0	0	0	0	0	0	0	0	0	0	0	0	0
IT18	0	0	0	0	0	0	0	0	0	0	0	0	0	0	0	0	0	0	0	0	0	0	0	0	0	0	0	0	0	0	0	0	3	0	0	0	0	0	0	0	0	0	0	3	0	0	0	0	0	0
IT19	0	0	0	0	0	0	0	0	0	0	0	0	0	0	0	0	0	0	0	0	0	0	0	0	0	0	0	0	0	0	0	0	2	0	0	0	0	0	0	0	0	0	0	2	0	0	0	0	0	0
IT20	0	0	0	0	0	0	0	0	0	0	0	0	0	0	0	0	0	0	0	3	0	0	0	0	0	0	0	0	0	0	0	0	0	0	0	0	0	0	0	0	0	0	0	3	2	0	0	0	0	0
IT21	0	0	0	0	0	0	0	0	1	0	0	0	0	0	0	0	0	0	0	3	0	0	0	0	0	0	3	0	0	0	0	0	0	0	0	2	0	0	0	0	0	0	3	3	0	0	0	0	2	0
IT22	0	3	0	0	0	0	0	0	0	0	0	0	3	0	0	0	0	0	0	3	0	0	0	0	0	0	0	0	0	0	0	0	0	0	0	0	0	0	0	0	0	0	2	3	0	0	0	0	2	0
IT23	0	0	0	0	0	0	3	0	2	0	0	0	3	0	0	0	0	0	0	0	0	0	0	0	0	0	3	0	0	3	0	0	0	0	0	2	0	0	0	0	0	0	3	0	0	0	0	0	1	0
IT24	0	3	0	0	0	0	0	0	3	0	0	0	3	0	0	0	0	0	0	3	0	2	0	0	0	0	0	0	0	0	0	0	0	0	0	3	0	0	0	0	0	0	0	0	0	0	0	0	0	1
IT25	0	3	0	0	3	0	0	0	0	0	0	0	0	0	1	0	3	0	0	0	0	2	0	0	0	0	3	0	0	0	0	0	0	0	0	0	0	0	0	0	0	0	3	0	0	0	0	0	2	0
IT26	0	0	0	0	0	0	0	0	3	0	0	0	0	0	0	0	3	1	0	0	0	0	0	0	0	0	0	0	0	0	0	0	0	0	0	0	3	0	0	0	1	0	0	0	0	0	0	0	0	3
IT27	0	0	0	0	0	0	0	0	0	0	0	0	0	0	2	0	3	0	2	0	0	0	0	0	0	0	2	0	0	0	0	1	0	0	0	1	0	3	0	0	0	0	3	0	0	0	1	0	0	0
IT28	0	0	0	0	1	0	0	0	0	0	0	1	2	0	0	0	3	0	3	0	0	2	0	0	0	0	0	0	0	0	0	0	0	0	0	0	3	3	0	2	0	0	0	0	0	0	0	0	0	0
IT29	0	2	0	0	0	0	1	0	0	0	0	0	0	0	3	3	0	0	2	0	0	0	0	0	0	0	2	2	0	0	0	0	0	0	0	0	3	0	0	0	0	0	0	0	0	0	0	0	0	0
IT30	0	0	0	0	0	0	2	0	0	0	0	0	2	0	2	0	0	3	0	0	0	1	0	0	0	0	0	0	0	1	0	0	0	3	0	0	3	0	0	0	0	0	0	0	0	0	0	0	0	0
IT31	3	2	0	0	0	3	0	0	0	0	0	0	0	0	0	1	0	0	0	0	0	0	0	0	0	0	2	2	0	2	0	0	0	0	0	0	0	3	0	0	3	0	0	0	0	0	0	0	3	0
IT32	3	0	2	0	0	0	0	1	0	0	0	0	2	0	3	2	0	3	1	0	0	0	0	0	0	0	0	0	0	0	0	0	0	0	0	0	0	0	0	0	0	0	0	0	0	0	0	0	0	0
IT33	0	2	0	0	3	0	3	0	0	0	0	0	0	0	3	0	0	0	0	0	3	3	1	0	0	1	0	3	3	2	0	0	0	0	0	0	0	3	3	0	0	0	3	1	0	2	0	0	0	0
IT34	1	0	2	0	0	0	3	0	0	0	0	0	0	0	3	0	3	3	0	0	3	0	0	0	0	0	3	0	0	3	0	2	0	0	0	2	0	2	0	0	0	0	2	0	0	0	0	0	3	3
IT35	0	3	0	0	3	3	0	0	3	0	1	0	3	0	3	0	0	0	2	0	0	0	0	0	2	0	0	0	0	3	0	0	0	1	0	3	0	0	0	3	0	0	0	0	0	2	3	2	3	0
IT36	0	0	0	0	0	0	3	0	3	0	0	0	0	0	0	2	0	3	0	1	0	3	0	0	3	0	0	0	0	0	3	0	0	0	1	3	2	0	0	0	2	0	1	0	0	0	0	3	3	3
IT37	0	0	0	0	3	3	0	0	0	0	0	0	0	0	0	2	0	2	3	0	0	0	0	0	0	3	0	0	1	3	3	0	0	0	0	3	0	0	1	0	2	0	0	0	0	2	3	0	0	0
IT38	0	0	3	0	0	0	0	0	0	0	3	3	0	0	0	0	1	0	0	0	0	3	0	1	0	3	0	0	0	0	0	0	1	0	0	0	2	0	0	2	2	0	0	0	0	3	0	0	0	0
IT39	0	0	0	0	0	0	0	3	0	0	3	0	0	0	0	3	0	2	0	0	1	3	0	0	3	0	0	0	0	0	1	3	0	0	0	0	1	3	0	0	3	3	0	0	0	0	3	0	0	3
IT40	0	0	0	1	0	1	0	0	2	1	3	3	0	3	0	0	0	2	3	0	0	3	0	0	0	3	0	3	0	0	0	0	0	0	0	0	0	0	0	3	0	3	0	0	3	0	0	0	0	0
//unavailability
IT1 0-1 31-37
IT2 4-6
IT3 0
IT4 1-12 21-22
IT5 26-31
IT6 0-4 15-17
IT7 0-4 13-16
IT8 4-10 34-37
IT9 0 2-8 18-20 23-30
IT10 0 9-21 25-33
IT11 18-21 29-36
IT12 0-19 27-28
IT13 3-6 38-39
IT14 0 12-14 18-19 22-32 39-42
IT15 8-13 16-28 38-42
IT16 22-30
IT17 0
IT18 0 27-42
IT19 0-10 12-18
IT20 0-1 6-11
IT21 11-12 21-31 41-42
IT22 3-12 32-37
IT23 1-4 8-18 21-25
IT24 0 2-9 36-37
IT25 0-16 39-42
IT26 16-23 42
IT27 24-25
IT28 8-10
IT29 0-2 8-13 23-24 28-34
IT30 14-17 20-21 35-36
IT31 0-15 22-24
IT32 3-7 29-32 35-37
IT33 0-6 9-17
IT34 1 28-31 38-42
IT35 0 25-32 35-37
IT36 2 30-37 40-42
IT37 0-5 10-17 39-42
IT38 1-5 14-16 40-41
IT39 0-3 9-15 27-34
IT40 0-20 30-31
