25// number of internal lecturers: IT_1, ..., IT_m1
15// number of external lecturers: IT_m1+1, ..., IT_m
50// number of jury: J1, ..., Jn
0 42//
//matrix
	J1	J2	J3	J4	J5	J6	J7	J8	J9	J10	J11	J12	J13	J14	J15	J16	J17	J18	J19	J20	J21	J22	J23	J24	J25	J26	J27	J28	J29	J30	J31	J32	J33	J34	J35	J36	J37	J38	J39	J40	J41	J42	J43	J44	J45	J46	J47	J48	J49	J50
IT1	0	0	0	3	0	0	0	2	0	0	0	0	0	3	0	0	0	0	0	0	0	0	3	0	0	0	3	0	0	0	0	0	0	0	0	1	0	0	3	0	0	0	0	0	0	0	0	0	0	0
IT2	0	0	0	0	0	0	0	0	0	3	0	0	0	3	0	0	0	0	0	0	0	0	0	0	0	0	0	0	0	0	0	0	0	1	0	0	0	3	0	0	0	0	0	0	3	0	0	3	0	2
IT3	0	3	3	0	0	0	0	0	0	0	0	0	2	3	0	0	3	0	3	0	0	0	0	0	0	0	0	2	0	0	0	0	3	0	3	0	0	0	0	0	0	0	0	0	3	0	0	0	2	0
IT4	0	3	0	0	0	0	0	0	0	0	0	2	0	0	0	0	3	0	0	0	0	0	0	3	0	3	0	0	0	0	0	0	0	0	3	0	0	0	0	0	0	0	0	0	3	0	0	0	0	0
IT5	0	0	0	0	0	0	0	0	0	0	0	0	2	0	0	0	3	0	0	0	0	0	0	0	0	3	2	0	3	0	0	3	3	0	0	0	0	0	0	1	0	0	0	0	0	2	0	0	0	0
IT6	0	0	0	0	0	0	0	0	0	0	0	0	0	0	0	0	3	3	0	0	0	0	0	0	0	0	0	0	3	0	0	0	0	0	0	3	0	0	0	0	0	0	0	0	3	0	0	0	0	0
IT7	0	0	0	0	0	0	0	0	0	2	0	0	0	0	0	0	0	0	0	0	0	3	0	3	0	0	2	0	0	0	2	3	3	0	0	0	0	0	2	0	0	0	0	0	0	0	0	0	0	0
IT8	0	0	0	0	0	0	0	0	0	0	0	0	0	0	0	0	0	0	0	0	0	0	2	0	0	0	0	0	0	0	0	0	0	0	0	0	0	0	0	0	0	0	0	0	0	0	0	2	0	0
IT9	0	0	0	0	0	0	0	0	1	0	0	0	0	0	0	0	0	0	0	0	0	0	0	3	0	0	0	0	0	0	0	3	3	2	0	3	0	0	2	0	0	0	0	0	0	0	0	0	0	0
IT10	0	0	0	0	0	0	0	0	0	0	0	0	0	0	0	0	0	0	0	0	0	0	0	0	0	0	0	0	0	0	0	0	0	0	0	3	0	0	0	2	0	0	0	0	0	0	0	2	0	0
IT11	0	0	0	0	0	0	0	0	0	0	0	0	0	0	0	0	0	0	0	0	0	0	0	0	0	0	0	0	0	0	0	0	0	3	0	0	0	0	0	3	0	0	0	0	0	0	0	1	0	0
IT12	0	0	0	0	0	0	0	0	0	0	0	0	0	0	0	0	0	0	0	0	0	0	0	0	3	0	0	0	0	0	0	0	0	0	0	0	0	0	0	0	3	0	0	0	0	0	0	0	0	0
IT13	0	0	0	0	0	0	0	1	0	0	0	0	0	0	0	0	0	0	0	0	0	0	0	0	0	0	0	0	0	0	0	0	0	0	0	0	0	0	0	0	0	3	0	0	0	0	0	0	0	0
IT14	0	0	0	0	0	0	0	0	3	0	0	0	0	0	0	0	0	0	0	0	0	1	0	0	0	0	0	0	0	0	0	0	0	0	0	0	0	0	0	0	3	0	0	0	0	0	0	0	0	0
IT15	0	0	0	0	0	0	0	0	0	0	0	0	0	0	0	0	0	0	0	0	0	0	0	0	0	0	0	0	0	0	0	0	0	0	0	0	0	0	0	0	0	1	0	0	0	0	0	0	0	0
IT16	0	0	0	0	0	0	0	0	0	0	0	0	0	0	0	0	0	0	0	0	0	0	0	0	0	0	0	0	0	3	0	0	0	0	0	0	0	3	0	0	0	0	0	0	0	0	0	0	0	1
IT17	3	0	0	0	2	0	0	0	0	0	0	0	0	0	1	0	0	0	0	0	0	0	0	0	0	0	0	0	0	0	0	0	0	0	0	0	0	3	0	0	0	0	1	0	0	0	0	0	0	0
IT18	0	0	0	0	0	3	0	0	0	0	0	0	0	0	2	0	0	0	0	0	3	0	0	2	1	0	0	0	0	0	0	0	0	0	0	0	0	0	0	0	1	0	0	0	0	0	0	0	0	0
IT19	0	0	0	0	3	0	0	0	0	0	0	0	0	0	3	0	0	0	0	3	0	0	0	0	0	0	0	0	0	0	0	0	0	0	0	0	1	0	0	0	0	2	0	0	0	0	0	0	0	0
IT20	0	0	0	0	3	0	0	0	0	0	0	0	0	0	3	0	0	0	0	1	0	0	0	0	0	0	0	0	0	1	1	0	0	0	0	0	3	0	0	0	0	0	0	0	0	0	2	0	0	0
IT21	1	0	0	0	3	0	0	0	0	0	0	0	0	0	0	0	0	0	0	0	0	0	0	0	0	0	0	0	0	0	0	0	0	0	0	0	0	0	0	0	0	2	0	0	0	0	2	0	0	0
IT22	0	0	0	0	3	0	0	0	2	0	0	0	0	0	0	0	0	0	1	0	0	3	0	0	2	0	0	3	0	0	0	0	0	0	0	0	0	0	0	0	2	0	0	0	0	0	2	0	0	0
IT23	0	0	0	0	0	0	0	0	0	0	0	3	0	0	0	3	0	0	0	0	0	0	0	0	2	0	0	0	0	2	0	0	0	0	0	0	0	0	2	0	0	3	2	0	0	0	0	0	3	0
IT24	2	0	0	0	0	0	3	0	0	0	3	0	0	0	0	0	0	0	0	0	0	3	0	0	0	0	0	3	0	0	0	0	0	0	0	0	0	0	0	0	2	0	0	1	0	0	3	0	0	2
IT25	0	0	0	0	0	1	3	3	2	0	2	0	3	0	3	3	0	0	0	0	1	0	0	0	3	0	0	0	0	0	0	0	0	0	0	0	0	2	0	0	0	0	0	0	0	3	0	0	0	3
IT26	2	0	1	0	0	2	3	0	0	0	3	0	3	0	0	0	0	0	0	2	2	3	0	0	3	0	0	0	0	0	0	0	0	0	0	0	0	0	0	0	3	3	3	0	0	0	0	0	0	0
IT27	0	3	0	0	0	0	0	3	0	3	0	0	0	0	3	3	0	3	0	2	0	0	0	0	0	0	3	0	0	0	3	0	0	0	0	0	0	0	0	0	0	0	2	0	0	3	3	0	1	3
IT28	3	0	0	0	0	2	3	2	3	0	0	0	0	0	0	3	0	0	0	0	2	0	3	0	0	0	3	1	0	3	3	0	0	0	0	0	0	0	3	0	0	0	0	0	0	0	0	0	0	0
IT29	0	3	0	0	0	0	0	0	3	3	1	1	0	3	3	3	0	0	0	3	0	0	0	0	0	0	0	2	0	0	2	0	0	0	0	0	0	3	0	0	0	0	2	0	0	3	0	0	0	3
IT30	3	0	3	1	0	2	0	3	0	0	2	0	0	0	0	0	0	0	3	0	3	0	0	0	0	0	0	0	0	3	0	0	0	0	0	0	2	0	1	0	0	0	0	3	2	0	0	0	0	0
IT31	0	0	3	0	0	3	0	0	0	0	0	2	0	0	0	0	0	0	0	0	0	0	0	0	0	0	0	2	0	0	0	0	0	0	2	0	0	3	0	0	0	0	0	0	2	1	1	0	0	0
IT32	0	1	0	0	0	3	0	3	0	0	0	0	2	0	0	0	0	0	3	3	3	0	1	0	0	0	0	3	0	0	0	0	0	0	3	0	3	0	0	0	0	0	0	3	2	2	0	0	0	0
IT33	0	0	0	0	1	0	0	0	0	0	2	2	0	1	0	1	3	3	0	0	0	0	0	0	0	0	0	0	0	0	0	0	0	0	2	0	3	0	0	0	0	0	0	0	0	0	0	0	0	0
IT34	0	0	0	0	0	0	0	0	0	1	0	0	0	0	0	0	0	0	3	0	0	0	0	0	0	0	0	0	0	0	2	0	0	0	3	0	0	0	0	0	0	0	0	0	0	2	0	0	3	2
IT35	0	0	0	0	0	0	0	0	0	2	3	3	0	0	0	2	0	3	0	0	0	0	0	0	0	0	2	3	0	0	0	0	0	0	1	0	0	1	3	0	0	0	0	3	3	3	3	0	3	0
IT36	0	0	3	0	0	0	1	0	0	0	0	3	0	0	0	2	0	0	3	0	0	0	2	0	0	1	1	0	0	2	0	0	3	0	0	0	0	0	3	0	0	0	3	3	0	0	0	0	0	0
IT37	0	0	0	0	0	0	2	0	0	2	3	3	3	0	0	0	0	3	0	0	0	0	2	1	0	0	0	0	1	0	0	0	0	0	0	3	0	0	0	0	0	0	3	0	0	0	3	0	3	0
IT38	0	0	0	3	0	0	2	0	0	0	0	0	3	0	0	0	0	0	0	0	2	0	3	0	0	0	0	0	0	0	3	1	1	3	2	0	0	0	0	0	0	0	3	0	0	3	0	0	0	3
IT39	0	3	0	0	0	0	0	0	0	3	0	0	1	0	0	0	1	1	0	0	0	0	0	0	0	0	3	0	0	0	3	0	0	0	0	3	2	0	3	3	0	0	0	0	0	0	0	2	2	3
IT40	0	0	0	0	0	0	0	0	0	0	0	0	0	0	0	0	0	0	0	0	0	0	3	0	0	0	0	0	0	0	3	0	0	0	3	0	0	0	0	0	0	0	0	0	1	0	0	3	2	0
//unavailability
IT1 0-20
IT2 9-13 41-42
IT3
IT4
IT5 0-22
IT6 17-41
IT7 0 23-42
IT8 1-10 16-21
IT9 21-42
IT10 0-4 16-31
IT11 0-15
IT12 0-18 37-42
IT13 11-15
IT14 0-9
IT15 0-4 14-27
IT16 0-7 32-42
IT17 0-3 24-42
IT18
IT19 0-1
IT20 0-12 27-31
IT21 0-13 34-42
IT22 0 6-20
IT23 1-14
IT24 11-15
IT25 0-3
IT26 12-19 39-42
IT27 1-5
IT28 36-42
IT29 0-9 34-42
IT30 0-17
IT31 0-18 38-42
IT32 0-3 13-31
IT33 0-2 8-22
IT34 0-2 7-25
IT35 0-3 41-42
IT36 38-42
IT37 35-42
IT38 3-18
IT39 21-42
IT40 0-9 32-36
