32// number of internal lecturers: IT_1, ..., IT_m1
8// number of external lecturers: IT_m1+1, ..., IT_m
50// number of jury: J1, ..., Jn
0 42//
//matrix
	J1	J2	J3	J4	J5	J6	J7	J8	J9	J10	J11	J12	J13	J14	J15	J16	J17	J18	J19	J20	J21	J22	J23	J24	J25	J26	J27	J28	J29	J30	J31	J32	J33	J34	J35	J36	J37	J38	J39	J40	J41	J42	J43	J44	J45	J46	J47	J48	J49	J50
IT1	0	2	0	0	0	3	3	0	0	0	0	1	3	0	0	0	0	0	0	0	0	0	0	0	3	3	0	3	3	3	0	3	0	0	0	0	0	0	3	0	3	0	0	3	0	3	0	2	0	2
IT2	0	0	0	0	0	0	0	3	0	0	0	0	0	3	0	0	2	0	2	0	0	0	0	0	0	0	3	0	0	0	0	3	1	0	0	3	3	2	0	0	3	0	0	3	0	0	0	0	0	0
IT3	0	0	0	0	3	0	0	0	3	3	3	0	0	3	0	0	0	0	0	0	0	0	0	0	3	0	0	0	0	0	3	0	0	0	0	2	0	0	2	0	0	0	0	0	2	0	0	0	0	0
IT4	0	0	0	0	0	0	3	0	0	0	0	0	0	0	0	0	0	0	0	0	3	0	0	0	0	0	0	0	0	0	3	3	0	0	0	0	1	0	0	0	0	0	0	2	0	0	2	0	2	0
IT5	0	0	0	2	3	0	0	0	1	0	3	0	0	3	2	0	0	0	0	0	0	0	0	0	3	1	3	0	2	0	0	0	0	0	0	0	0	0	0	0	3	0	0	0	0	0	3	0	0	0
IT6	2	0	3	0	0	0	0	0	0	3	3	0	0	0	0	0	0	0	0	0	0	0	0	0	0	0	3	0	0	0	3	0	0	0	0	0	0	0	0	0	0	0	3	2	0	0	3	0	0	0
IT7	0	0	0	0	3	2	0	0	0	0	3	0	0	0	2	0	0	0	0	0	0	0	0	0	0	0	0	3	0	0	3	0	3	0	0	2	0	0	0	0	0	0	0	0	0	0	3	0	0	0
IT8	2	0	0	0	0	0	0	0	0	0	0	0	2	0	0	0	0	3	0	0	0	2	0	0	0	0	0	0	0	0	0	0	3	0	0	0	0	0	1	0	0	0	3	0	0	0	0	0	0	0
IT9	0	0	0	0	3	2	0	0	0	0	0	3	0	0	0	0	0	3	0	2	0	0	0	0	0	0	3	0	2	0	0	0	0	0	0	0	0	0	2	0	0	0	0	0	0	0	3	0	0	0
IT10	0	0	0	0	0	0	0	0	0	0	0	0	0	0	0	3	0	0	0	2	0	2	0	0	0	2	0	2	0	0	0	0	0	0	0	0	0	0	0	0	0	0	3	0	0	0	0	0	0	0
IT11	0	0	0	0	0	0	0	0	0	0	0	3	0	0	0	3	0	3	0	0	0	0	0	0	0	0	0	0	0	0	2	0	0	0	0	0	0	0	0	0	0	0	0	0	0	2	3	0	0	0
IT12	0	0	0	0	0	0	0	2	0	0	0	3	0	0	0	0	0	0	0	0	0	0	0	0	0	2	0	0	0	0	2	0	0	1	0	0	0	0	0	0	0	0	0	0	0	0	0	0	0	0
IT13	0	0	0	0	0	0	0	0	0	0	0	3	0	0	0	0	0	0	0	0	0	0	0	0	0	2	0	3	0	0	2	0	0	0	0	0	0	0	0	0	0	0	0	0	0	0	0	0	0	0
IT14	0	0	0	0	0	0	0	0	0	0	0	0	0	0	0	3	0	0	0	0	0	0	0	0	0	0	0	3	0	0	0	0	0	0	0	0	0	0	0	0	0	0	0	0	0	0	2	0	0	0
IT15	0	0	0	0	0	0	0	0	0	0	0	0	0	0	0	0	0	0	0	0	0	0	0	0	0	0	0	0	0	0	0	0	0	0	0	2	0	0	0	0	0	0	0	0	0	0	0	0	2	2
IT16	0	0	0	0	0	0	0	0	0	0	0	0	0	0	0	0	0	0	0	0	0	0	0	0	0	0	0	0	0	0	0	2	0	0	0	0	0	0	0	0	0	0	0	0	0	2	0	0	1	0
IT17	0	0	0	0	0	0	0	0	0	0	0	0	0	0	0	0	0	0	0	0	0	0	0	0	0	0	0	0	0	0	0	0	0	0	0	0	0	0	0	0	0	0	0	2	0	0	0	0	0	0
IT18	0	0	0	0	0	0	0	0	0	0	0	0	0	0	0	0	0	0	0	0	0	0	0	0	0	0	0	0	0	0	0	0	0	0	0	0	0	0	0	2	0	0	0	0	0	0	2	0	0	0
IT19	0	0	0	0	0	0	0	0	0	0	0	0	0	0	0	0	0	0	0	0	0	0	0	1	0	0	0	0	0	0	0	0	0	3	0	0	0	0	0	0	0	0	0	0	0	0	0	0	0	0
IT20	0	0	0	0	0	0	0	0	2	0	0	0	0	0	0	0	0	0	0	0	0	0	0	0	0	0	0	0	0	0	0	3	0	3	0	0	0	0	0	1	0	0	0	0	0	0	0	0	0	0
IT21	0	3	0	0	0	0	0	3	0	0	0	0	0	0	0	0	0	0	0	0	0	0	0	0	0	0	0	0	0	1	0	0	0	0	0	0	0	3	0	0	0	0	0	0	0	0	0	0	0	0
IT22	0	0	0	0	0	0	0	0	2	0	0	0	0	0	0	0	0	0	0	0	0	0	0	0	0	0	0	0	0	0	0	0	0	0	2	0	0	0	0	0	0	2	0	0	0	0	0	0	0	0
IT23	0	3	3	0	0	0	0	0	0	0	0	0	0	0	0	2	0	0	0	0	0	0	0	0	0	0	0	0	0	0	0	0	0	3	2	0	0	1	0	0	0	0	0	0	0	0	0	0	0	0
IT24	0	0	0	0	0	0	0	1	0	0	0	0	0	0	0	0	0	0	0	0	0	0	0	0	0	0	0	0	0	0	0	0	0	0	0	0	0	0	0	0	0	2	0	0	2	0	0	3	3	0
IT25	0	1	0	3	0	0	0	0	0	0	0	0	0	0	0	0	0	0	3	0	1	0	3	0	0	0	0	0	0	0	0	0	0	0	0	0	0	0	0	0	0	0	0	0	0	0	0	0	0	1
IT26	0	0	0	0	0	0	0	0	0	0	0	0	0	0	0	0	0	0	0	0	0	0	0	2	0	0	0	0	0	0	0	0	0	0	1	0	0	0	0	0	0	3	0	0	3	0	0	1	0	0
IT27	0	0	0	0	0	0	0	0	0	0	0	0	0	0	3	0	1	0	3	0	0	3	3	3	0	0	0	0	0	0	0	0	0	0	3	0	0	0	0	3	0	1	0	0	1	0	0	0	0	0
IT28	3	0	1	3	0	0	0	0	0	0	0	0	3	0	0	0	0	0	0	0	0	0	3	3	0	0	0	0	0	0	0	0	0	0	0	0	0	2	0	3	0	3	0	0	2	0	0	0	0	0
IT29	3	2	0	3	0	3	0	0	0	0	0	0	3	0	1	0	0	0	3	0	0	0	3	3	0	0	0	0	3	3	0	0	0	0	0	1	0	0	0	0	0	0	0	1	0	3	0	0	2	0
IT30	0	0	0	0	0	0	0	0	0	0	0	0	0	3	0	0	2	0	0	1	3	1	3	3	0	0	0	0	1	3	0	0	0	0	0	0	0	3	0	0	0	0	0	3	0	0	0	2	0	3
IT31	0	2	0	0	0	3	0	0	0	0	0	0	0	0	0	0	3	0	1	0	3	0	0	0	0	0	0	0	0	3	0	0	0	2	0	0	2	3	0	3	0	0	0	0	0	3	0	0	0	3
IT32	1	0	0	3	0	0	0	3	0	0	0	0	3	0	0	0	0	0	2	0	3	0	2	0	3	0	0	0	0	0	0	1	0	0	0	0	2	0	0	0	0	0	0	0	0	0	0	0	0	0
IT33	0	3	0	2	0	0	0	0	0	0	3	0	1	3	3	0	0	0	0	0	0	0	2	2	3	0	0	1	0	0	1	0	0	0	0	0	0	0	0	3	3	0	0	0	0	0	0	3	0	0
IT34	0	0	3	0	0	1	0	3	0	0	0	0	0	0	2	1	3	0	0	0	3	0	0	0	0	0	1	3	0	2	0	0	0	2	3	0	0	3	0	0	3	0	0	0	0	0	0	3	3	3
IT35	0	3	3	0	0	0	0	0	0	0	0	0	2	0	3	0	0	0	2	0	0	3	0	2	0	0	0	0	0	0	0	0	0	2	0	3	0	0	0	2	1	3	0	0	3	0	0	0	0	0
IT36	3	0	0	1	3	0	0	0	0	0	0	0	0	0	0	0	0	0	0	2	0	0	2	0	1	0	3	0	2	2	0	0	3	3	3	0	0	0	0	0	0	3	0	0	0	0	0	0	3	3
IT37	2	0	0	2	0	2	1	0	0	0	0	0	2	1	3	0	0	3	0	0	0	0	0	0	0	0	0	0	3	0	0	0	0	0	3	3	0	0	0	0	0	3	0	0	3	3	0	3	0	0
IT38	3	0	0	3	0	3	0	2	0	1	1	0	0	0	0	0	3	3	3	3	0	3	1	0	0	0	0	0	3	3	0	0	3	0	3	0	2	0	2	0	0	0	0	3	0	0	0	0	3	0
IT39	0	0	0	0	1	0	0	2	2	0	0	0	0	0	0	0	3	1	3	0	0	3	0	3	0	3	0	0	0	0	0	0	0	0	0	3	0	0	0	2	0	0	1	0	3	3	0	0	0	0
IT40	3	0	0	0	0	3	0	0	3	0	0	3	3	0	3	0	2	0	0	3	0	2	0	0	0	0	0	0	0	2	3	3	3	0	0	0	3	0	3	3	0	0	0	0	0	1	1	2	0	0
//unavailability
IT1 0-4 30
IT2 16-20
IT3 0 5-13 20-21
IT4 16-19 22-23 39-40
IT5 0 10-11
IT6 9-12 41-42
IT7 0 2-3 15-17
IT8 5-8
IT9 0-3 32-40
IT10 0-2 32-38 41-42
IT11 4-12 33-34
IT12 31-40
IT13 0-9 20-24
IT14 7-8 11-14
IT15 3-4 11-21 33-36
IT16 2 4-6
IT17 6-9
IT18 20-21
IT19 0-3
IT20 12-14
IT21 2 5-11
IT22 1 22-28 31-39
IT23 0-3 6-15 42
IT24 35-40
IT25 1-7 15-16 31-36
IT26 0-1 27-34
IT27 5-13 20-21
IT28 5-8 32-36 39-42
IT29 19-23
IT30 7-15 22-24
IT31 1-3 27-31 34-35 37-42
IT32 0-1 10-18 22-26
IT33 0-2
IT34 33-37 41-42
IT35 1-5
IT36 20-21 27-35 38 41-42
IT37
IT38 20-23 26-27 42
IT39 23-28 32-42
IT40 23-26 32-41
