33// number of internal lecturers: IT_1, ..., IT_m1
7// number of external lecturers: IT_m1+1, ..., IT_m
50// number of jury: J1, ..., Jn
0 42//
//matrix
	J1	J2	J3	J4	J5	J6	J7	J8	J9	J10	J11	J12	J13	J14	J15	J16	J17	J18	J19	J20	J21	J22	J23	J24	J25	J26	J27	J28	J29	J30	J31	J32	J33	J34	J35	J36	J37	J38	J39	J40	J41	J42	J43	J44	J45	J46	J47	J48	J49	J50
IT1	0	0	3	0	3	0	0	0	0	0	0	0	0	0	3	0	0	0	3	0	0	0	0	0	0	0	0	0	2	0	2	0	2	1	0	3	0	3	0	0	0	0	0	0	0	0	0	0	0	0
IT2	0	0	0	0	0	0	0	3	0	0	0	0	3	0	0	0	0	0	0	0	3	0	0	0	3	0	0	0	3	0	0	0	0	3	0	0	0	3	0	0	2	3	0	0	0	3	0	0	0	0
IT3	2	0	0	0	0	0	0	0	0	0	3	0	0	0	0	0	0	3	0	1	0	0	0	0	0	2	3	0	0	0	0	0	0	0	3	0	0	0	0	0	3	0	3	3	0	0	0	0	0	0
IT4	2	3	0	3	3	0	0	0	0	3	0	0	3	0	0	3	0	0	0	3	0	0	0	0	0	0	0	0	0	0	0	3	0	0	0	3	0	0	3	0	0	0	0	0	0	0	0	0	0	0
IT5	0	0	0	0	0	0	0	0	0	0	0	0	2	3	0	0	0	0	0	0	0	0	3	0	0	0	0	0	0	0	0	2	0	0	0	0	0	3	2	0	0	0	0	3	2	0	0	0	0	0
IT6	0	0	2	0	0	0	0	0	0	3	0	0	0	0	3	0	0	0	0	0	3	0	0	0	0	0	0	0	3	0	0	0	0	0	3	0	0	0	3	0	0	3	0	0	3	0	0	0	0	0
IT7	0	0	3	3	0	0	0	0	0	0	0	0	2	0	0	0	0	0	0	3	3	0	0	0	3	0	0	0	3	0	2	0	0	0	0	2	0	0	0	0	3	0	0	0	2	3	0	0	0	1
IT8	0	0	0	0	0	3	3	0	0	0	0	0	0	2	0	0	0	3	3	0	0	0	0	0	0	0	0	0	0	0	0	0	0	0	1	0	0	0	0	0	0	2	0	3	0	0	0	0	2	0
IT9	2	1	0	0	0	0	0	0	0	3	0	0	0	0	0	0	0	0	0	3	0	0	0	0	0	0	3	0	0	0	0	0	0	0	0	0	0	0	0	0	2	1	0	0	0	0	0	0	0	2
IT10	0	0	0	1	0	0	0	0	3	0	0	1	0	0	0	0	0	3	0	0	0	0	0	0	0	0	3	0	0	0	0	3	0	0	0	0	0	0	3	0	0	0	0	0	0	0	0	3	0	3
IT11	0	0	1	0	0	0	0	0	0	0	2	0	0	0	0	0	0	0	0	0	0	0	0	0	2	0	0	0	2	0	0	3	0	0	3	0	0	0	0	0	0	3	0	0	0	0	0	0	0	0
IT12	0	0	0	0	0	0	0	0	0	0	0	0	0	0	0	3	0	0	3	0	0	0	0	0	1	0	0	0	0	0	0	0	0	0	0	0	0	0	0	0	0	0	0	2	0	0	0	0	0	0
IT13	0	0	0	0	0	0	0	0	0	0	0	0	0	0	0	0	0	0	0	0	0	0	0	0	0	0	0	0	0	0	0	0	0	0	0	0	0	0	2	0	0	0	0	0	0	0	0	0	0	0
IT14	0	0	0	0	0	0	0	0	0	0	0	0	0	0	0	0	0	0	3	0	3	0	3	0	0	0	0	0	0	0	0	2	0	0	0	0	3	0	0	3	0	0	0	0	0	3	0	0	0	0
IT15	0	0	0	0	0	0	2	0	0	0	0	0	0	0	0	0	0	0	0	0	0	0	0	0	0	0	0	0	0	0	0	0	0	0	0	0	0	0	0	0	0	0	0	0	0	3	0	0	0	3
IT16	0	0	2	0	0	0	0	0	0	0	0	0	0	0	0	0	0	0	0	0	0	0	0	0	0	0	0	1	0	0	0	0	0	0	0	0	0	0	0	0	0	3	0	0	0	0	0	0	0	0
IT17	0	0	0	3	0	0	0	0	0	0	1	0	0	0	0	0	0	0	0	0	0	0	0	0	0	0	3	0	0	0	0	0	0	0	0	0	0	0	0	0	0	0	0	0	1	0	0	0	0	0
IT18	0	0	0	0	0	0	0	0	0	0	2	0	0	0	0	1	0	0	0	0	0	0	0	0	0	0	0	0	0	0	0	0	0	0	0	0	0	0	0	0	0	0	3	0	0	0	0	3	0	3
IT19	0	0	0	0	0	0	0	0	0	2	0	0	0	0	0	0	0	0	0	0	0	0	0	1	0	0	0	0	0	0	1	0	0	0	0	0	0	0	0	0	0	0	0	0	0	0	0	0	0	0
IT20	1	0	0	0	0	0	0	0	0	0	0	0	0	0	0	0	0	0	0	0	0	0	0	0	0	0	0	0	0	0	0	0	0	0	0	0	0	0	0	0	0	0	0	0	0	0	0	0	0	0
IT21	0	0	0	0	0	0	0	0	0	0	0	0	0	0	0	0	0	0	0	0	0	0	0	0	0	0	0	0	0	0	0	0	0	0	0	0	0	0	0	0	0	2	0	0	0	0	0	0	0	0
IT22	0	0	0	0	0	1	3	0	0	0	0	0	0	0	0	0	0	0	0	0	0	0	0	0	0	0	2	0	0	0	3	0	0	0	0	0	0	0	0	1	0	0	3	0	0	0	0	3	0	3
IT23	0	0	0	0	0	0	0	0	0	0	0	0	0	0	0	0	0	0	1	0	0	0	3	0	0	0	0	2	0	0	0	0	0	0	0	0	0	2	0	0	0	0	0	0	0	0	1	0	1	0
IT24	3	3	0	2	1	0	0	0	0	0	0	3	3	0	0	0	0	0	0	0	0	0	0	0	0	0	0	0	0	0	0	0	0	3	0	0	0	1	0	0	0	0	0	0	3	0	0	0	0	0
IT25	3	0	0	0	0	0	0	0	0	0	0	0	0	0	0	0	1	0	0	0	0	1	0	0	0	0	0	0	0	0	3	0	0	0	0	0	0	0	0	3	0	0	0	0	0	0	0	0	3	0
IT26	0	0	0	0	0	0	0	0	0	1	0	0	0	0	0	0	3	0	0	0	0	0	0	0	3	3	0	2	0	0	0	0	0	0	0	0	3	0	0	0	0	0	1	0	3	0	0	0	0	0
IT27	3	0	3	0	0	3	0	0	0	0	0	0	0	0	0	0	0	0	0	0	0	0	0	3	0	0	0	0	0	0	0	0	3	0	3	0	0	0	0	0	1	0	0	0	0	0	0	0	3	0
IT28	0	0	2	0	0	0	0	3	0	0	0	3	0	1	3	0	0	0	0	0	0	0	0	0	0	1	0	0	0	0	0	0	3	0	0	0	0	0	0	0	0	0	2	0	0	0	0	0	3	0
IT29	0	0	0	0	3	0	0	0	0	0	0	0	0	0	0	0	3	0	0	0	0	0	0	0	0	0	0	3	0	0	0	0	0	0	0	1	0	0	1	0	0	0	0	0	0	0	0	0	0	0
IT30	0	0	0	0	0	0	0	1	0	0	2	0	0	0	0	0	0	0	0	0	0	0	0	0	0	0	0	0	0	0	0	0	2	0	0	0	2	0	3	0	0	0	0	0	0	0	3	0	3	0
IT31	3	3	0	0	0	0	0	0	0	0	0	3	0	2	1	0	0	0	0	0	0	0	0	3	3	0	1	0	0	1	3	3	0	3	0	0	0	2	0	0	0	0	0	0	0	0	3	0	2	0
IT32	0	0	3	0	0	0	0	0	0	0	0	0	3	0	0	3	0	0	0	0	0	0	0	3	0	2	0	3	0	0	0	1	0	0	0	0	0	0	0	0	3	0	0	0	0	0	0	0	0	0
IT33	0	0	0	0	3	3	0	0	0	3	3	0	1	0	3	0	0	0	0	0	0	0	0	2	0	3	0	0	2	3	0	0	2	0	0	3	2	0	0	3	0	0	3	0	0	0	0	0	0	0
IT34	3	0	0	0	3	0	0	3	0	0	0	3	0	3	0	0	3	0	0	0	0	0	1	0	2	0	0	2	0	0	0	0	0	0	0	0	0	3	2	0	0	0	0	3	0	0	0	0	0	0
IT35	0	0	3	0	0	0	0	3	0	0	0	0	3	0	0	0	3	1	0	0	0	3	0	0	0	0	0	0	0	0	0	2	0	3	0	3	0	0	0	0	3	0	0	1	3	3	3	0	0	0
IT36	0	0	0	0	0	3	1	0	0	0	3	0	0	0	0	0	0	0	0	3	1	0	0	2	0	0	0	0	1	3	0	0	0	0	0	2	0	0	0	3	3	0	0	0	0	0	0	0	0	0
IT37	0	0	0	0	0	0	0	0	3	0	0	3	0	0	0	3	3	3	0	0	3	0	0	0	3	0	0	0	0	0	0	0	0	0	3	0	0	0	0	0	0	3	0	3	2	0	0	0	2	0
IT38	0	0	0	0	0	0	0	0	1	0	0	0	0	0	0	0	0	0	0	0	0	0	0	0	0	0	3	3	0	0	0	0	0	0	0	0	1	0	0	0	2	0	0	0	3	0	0	0	0	3
IT39	0	3	0	3	0	0	0	0	0	3	3	0	2	2	0	0	0	0	0	3	0	3	0	3	2	0	0	3	3	0	3	0	1	0	0	0	0	0	0	0	0	0	3	0	0	0	0	1	3	0
IT40	0	0	0	0	0	0	0	0	0	0	0	0	0	3	3	0	0	0	3	0	0	0	0	3	0	3	0	0	0	0	0	3	0	0	0	0	0	0	3	0	0	0	0	2	0	1	0	0	0	0
//unavailability
IT1 5-6 15-17 36-37
IT2 8 26-28 38-40
IT3 2-3 8 12
IT4 17 26-27 30-32 36-37
IT5 0 3-4 8 12-13 33 42
IT6 0 3 11-13 15 41
IT7 17 38-39 42
IT8 0 3 10-11 15 40-41
IT9 15 26 35-37 39-41
IT10 21 24-26 30-31 34 39
IT11 0-1 8 12-15 18
IT12 36-37 39-41
IT13 10-11 31 39-41
IT14 0 9 27-28 33 36-38
IT15 3 9-10 18-20 26-27
IT16 2 5 19 32-33 39-40
IT17 1 12 18 20 23-24 26 30
IT18 0 11 17-18 20-21 23-24
IT19 13 18 20 22-23 29 41
IT20 14 16-17 19-20 22 25 37
IT21 0 2 5 22 25 27-28 33
IT22 7 19 23 27-30 32
IT23 1-2 27-28 37-40
IT24 4-5 8-11 20-21
IT25 1-2 4-5
IT26 28 32-35 39-40
IT27 0 6-7 26-27 40-42
IT28 0-2 9-11 15-16
IT29 3 8-10 32-34 42
IT30 22 32-33 37-38 42
IT31 30-32 37 39 41-42
IT32 16-17 30-31 37 41-42
IT33 20 31-33 37-38 42
IT34 0 9-10 32-35
IT35 9-11 33-34 42
IT36 15 27-29 32-34 42
IT37 3-5 36-39
IT38 0-2
IT39 1-4 8-9
IT40 13-16
