31// number of internal lecturers: IT_1, ..., IT_m1
9// number of external lecturers: IT_m1+1, ..., IT_m
50// number of jury: J1, ..., Jn
0 42//
//matrix
	J1	J2	J3	J4	J5	J6	J7	J8	J9	J10	J11	J12	J13	J14	J15	J16	J17	J18	J19	J20	J21	J22	J23	J24	J25	J26	J27	J28	J29	J30	J31	J32	J33	J34	J35	J36	J37	J38	J39	J40	J41	J42	J43	J44	J45	J46	J47	J48	J49	J50
IT1	3	3	0	0	0	0	0	0	3	0	0	0	3	0	0	0	1	0	0	0	0	2	0	0	0	2	2	0	0	3	0	0	0	3	0	0	0	3	2	0	0	0	3	0	0	0	0	0	0	0
IT2	0	3	0	0	0	0	0	0	3	0	0	0	3	0	0	0	0	0	0	0	0	0	0	0	3	0	0	0	0	0	0	0	0	0	0	0	0	3	0	0	0	0	0	1	0	3	2	0	0	0
IT3	0	3	0	0	0	0	0	0	0	0	3	0	0	0	0	0	0	0	0	0	0	2	0	0	0	0	0	0	0	0	0	0	0	3	0	0	3	0	0	0	3	0	1	0	3	1	0	0	0	0
IT4	0	0	0	0	0	0	0	3	0	0	0	0	0	0	0	0	0	0	0	3	0	0	0	2	0	3	2	0	0	3	0	0	0	0	0	0	0	2	0	0	0	0	0	0	0	0	0	0	0	0
IT5	0	0	0	0	0	0	0	0	0	3	0	0	0	0	0	0	0	0	0	0	0	0	0	0	0	0	0	0	0	3	0	0	3	0	0	3	0	2	0	0	3	0	0	0	3	0	0	0	0	2
IT6	0	0	0	0	0	0	0	0	0	0	0	0	0	0	0	0	0	0	0	3	0	0	0	2	0	3	0	0	0	0	0	0	0	0	0	3	0	0	0	0	0	0	2	0	0	0	0	0	0	1
IT7	3	0	0	0	0	0	0	0	0	0	0	0	0	0	0	0	0	0	0	0	0	0	0	0	0	0	0	0	0	0	0	0	3	0	0	0	0	0	0	0	0	0	0	0	3	0	0	0	0	2
IT8	0	0	0	0	0	0	3	0	0	0	0	0	0	0	0	0	0	0	0	0	0	0	0	0	0	0	0	3	0	0	0	0	0	0	0	0	0	0	0	0	0	0	0	0	0	0	0	0	0	0
IT9	0	0	0	0	0	0	0	0	0	0	0	0	0	0	0	0	0	0	0	0	0	0	0	0	0	0	0	0	0	0	0	0	0	0	0	0	0	0	0	0	0	0	2	0	3	2	0	0	0	2
IT10	0	0	0	0	0	0	3	0	0	0	0	0	0	0	0	3	3	0	0	0	0	0	0	0	0	0	0	3	0	0	0	0	0	0	0	0	3	2	0	0	0	0	0	2	0	2	0	0	0	0
IT11	0	0	0	0	0	0	0	0	0	0	0	0	0	0	2	3	0	0	0	0	0	0	0	0	0	0	0	3	0	0	0	0	0	0	0	0	0	0	0	0	0	1	2	0	0	2	0	0	0	0
IT12	0	0	0	0	0	0	0	0	0	0	0	0	0	0	0	0	0	0	0	0	0	0	0	0	0	0	0	3	0	3	0	0	0	0	0	0	0	0	0	0	0	0	0	3	0	0	0	0	0	0
IT13	0	0	0	0	0	0	0	0	0	0	0	0	0	0	0	0	0	0	0	0	0	0	0	0	0	0	0	0	0	0	0	0	0	0	0	0	0	0	0	0	0	0	0	0	0	0	0	0	0	0
IT14	0	0	0	0	0	0	0	0	0	2	0	0	0	0	0	0	0	0	0	0	0	0	0	0	0	0	0	0	0	3	0	0	0	0	0	0	0	0	0	0	0	0	0	0	0	0	0	0	0	0
IT15	0	0	1	0	1	0	0	0	0	0	0	0	0	0	3	0	0	0	0	0	0	3	0	0	0	0	0	0	0	0	0	0	0	0	0	0	0	0	0	0	0	0	0	0	3	0	0	0	0	0
IT16	0	0	0	0	0	0	0	0	0	0	0	0	0	0	0	0	2	0	0	0	0	0	0	0	0	0	0	0	0	0	0	0	0	0	0	0	0	0	1	0	0	0	0	0	0	0	0	0	2	0
IT17	0	0	0	0	0	1	0	1	0	0	0	0	0	0	0	0	0	0	0	0	0	0	0	0	0	0	0	0	0	0	0	0	0	0	0	0	0	0	0	0	0	0	0	0	2	0	0	0	0	0
IT18	0	0	0	0	0	0	0	0	0	3	0	0	0	0	0	0	0	0	0	0	0	0	0	0	0	0	0	0	0	0	0	0	0	0	0	0	0	0	0	0	0	3	0	0	0	0	0	0	3	0
IT19	0	0	0	0	0	0	0	0	0	0	0	3	0	3	0	0	2	0	0	0	0	0	3	0	0	0	0	2	0	0	0	0	0	0	1	0	0	0	0	0	0	0	0	0	0	0	0	0	0	0
IT20	0	0	0	0	0	0	0	0	0	0	0	2	0	0	0	0	0	0	0	0	0	0	0	0	0	0	0	2	0	0	0	3	0	0	0	0	0	0	0	3	0	0	0	0	0	0	0	3	0	0
IT21	0	0	3	0	0	0	0	0	0	0	0	0	0	3	3	0	0	0	0	0	2	0	2	0	0	0	0	0	3	0	0	0	0	0	0	0	0	0	0	3	0	0	0	0	0	0	0	0	3	0
IT22	0	0	3	0	0	0	0	0	0	0	3	0	0	0	3	0	0	0	0	0	2	0	3	0	0	0	0	0	0	0	0	3	0	0	0	0	3	0	0	0	0	0	0	0	0	0	2	3	3	0
IT23	0	0	0	0	3	3	0	0	0	0	3	0	0	0	3	0	3	0	0	0	3	0	3	0	0	0	0	0	0	0	0	0	0	0	0	0	0	0	0	1	1	0	0	0	0	0	0	0	0	0
IT24	0	0	3	0	3	2	0	0	0	0	0	1	0	3	3	0	0	0	0	0	0	0	0	0	0	0	3	0	3	0	0	0	0	0	0	0	0	0	3	0	0	0	0	0	0	0	0	3	0	0
IT25	0	0	0	0	0	0	0	0	0	0	0	2	0	3	0	0	0	0	3	0	3	0	0	1	0	0	3	0	3	0	3	3	0	0	0	0	3	0	3	0	0	0	0	0	0	0	3	0	0	0
IT26	0	0	0	2	2	0	0	0	0	0	3	0	0	0	0	0	0	0	0	0	1	3	0	0	0	0	0	0	1	0	0	3	0	2	0	0	0	0	0	0	0	0	0	0	0	0	0	3	0	0
IT27	0	0	0	2	0	0	0	0	2	0	0	0	0	0	0	0	0	0	0	0	3	1	0	0	0	0	0	0	0	0	0	0	0	0	3	0	3	0	0	2	0	0	0	0	0	0	0	0	0	0
IT28	3	0	0	0	2	0	0	0	0	0	0	3	0	2	0	0	0	0	0	1	0	0	0	0	0	2	0	0	0	0	1	0	0	0	3	0	0	0	0	0	0	3	0	0	0	0	3	0	3	0
IT29	1	0	2	1	0	2	0	0	3	0	0	0	0	0	0	0	0	2	0	0	0	0	0	0	3	0	0	0	0	0	0	0	0	0	0	0	0	0	0	0	0	0	0	0	0	0	0	0	3	0
IT30	0	3	0	2	0	0	0	0	0	0	0	3	0	2	0	0	0	1	0	0	0	0	3	0	0	0	1	0	2	0	0	0	0	3	0	0	0	3	0	0	3	3	0	0	0	0	3	0	0	0
IT31	0	0	2	0	0	3	0	0	2	0	0	0	0	0	0	1	0	2	1	0	0	0	0	0	3	3	0	0	2	0	3	0	0	3	0	0	0	0	0	3	0	0	0	0	0	0	0	0	0	0
IT32	0	0	0	0	3	0	0	3	3	0	0	3	0	3	0	0	0	0	3	3	0	3	3	3	3	3	0	0	2	0	0	0	0	0	2	0	0	0	2	0	0	3	0	0	0	0	1	0	1	0
IT33	0	1	2	0	0	3	0	3	0	0	0	0	0	0	0	0	0	0	3	0	0	0	0	2	0	0	3	0	3	0	0	1	1	0	0	0	2	0	3	0	0	0	0	0	0	0	0	3	0	3
IT34	0	0	0	0	0	0	0	3	0	0	0	0	1	0	0	3	0	0	0	3	3	0	0	3	3	3	0	0	0	0	0	0	0	0	2	0	2	1	0	3	0	0	0	0	0	0	2	1	0	0
IT35	3	0	0	0	0	0	0	0	1	0	0	0	0	1	0	0	3	2	0	0	3	0	1	0	0	0	0	3	0	0	2	0	0	0	2	0	0	0	0	0	0	0	0	0	0	0	0	0	0	0
IT36	0	0	3	0	0	3	0	0	0	0	1	0	0	0	0	0	0	0	3	3	0	0	0	3	2	0	3	0	0	0	3	0	0	1	3	0	0	0	3	0	0	2	0	0	1	0	0	0	0	3
IT37	0	0	0	3	0	0	0	0	2	0	0	0	0	0	1	3	3	0	0	0	0	0	0	0	0	2	0	0	0	0	3	0	0	2	0	1	1	3	0	0	3	0	0	0	0	0	0	0	0	0
IT38	0	3	0	3	0	0	1	0	0	1	0	0	0	0	0	0	0	3	0	0	0	0	0	0	2	0	0	0	0	0	0	2	0	2	0	0	0	3	0	0	0	2	0	0	0	0	3	0	0	0
IT39	0	0	0	0	0	0	0	0	0	0	0	0	0	0	0	3	3	0	0	0	0	0	0	3	2	1	0	0	0	1	2	0	0	3	3	0	0	0	2	0	0	0	3	0	0	3	3	2	0	0
IT40	0	0	0	0	0	0	0	0	3	0	0	0	0	0	0	0	0	3	0	0	0	0	0	0	1	0	2	1	0	0	2	0	0	0	0	0	0	0	0	2	0	0	0	3	0	0	0	0	0	0
//unavailability
IT1
IT2 37-42
IT3 27-31
IT4 16-21
IT5 25-29
IT6
IT7
IT8 0-1
IT9 0-1 8-12
IT10
IT11
IT12
IT13 15-19
IT14
IT15
IT16 40-42
IT17
IT18
IT19
IT20 0-3
IT21
IT22
IT23 38-42
IT24
IT25 0
IT26 15-18
IT27
IT28
IT29
IT30
IT31
IT32 0
IT33
IT34 0-2
IT35
IT36
IT37
IT38
IT39 38-42
IT40
