25// number of internal lecturers: IT_1, ..., IT_m1
15// number of external lecturers: IT_m1+1, ..., IT_m
50// number of jury: J1, ..., Jn
0 42//
//matrix
	J1	J2	J3	J4	J5	J6	J7	J8	J9	J10	J11	J12	J13	J14	J15	J16	J17	J18	J19	J20	J21	J22	J23	J24	J25	J26	J27	J28	J29	J30	J31	J32	J33	J34	J35	J36	J37	J38	J39	J40	J41	J42	J43	J44	J45	J46	J47	J48	J49	J50
IT1	0	0	2	0	0	0	3	0	3	0	0	0	0	0	0	0	0	0	0	3	0	0	0	0	0	3	0	3	0	0	0	0	0	0	2	0	0	0	0	0	0	3	0	0	0	0	0	0	0	0
IT2	0	0	0	0	0	0	3	0	0	0	0	0	0	3	0	0	0	0	0	0	0	0	0	0	0	0	0	0	0	0	0	0	0	0	0	0	0	0	3	0	0	0	0	0	0	0	0	0	0	0
IT3	0	0	0	0	3	0	3	0	0	0	0	3	0	3	0	0	0	0	0	3	3	0	0	0	0	0	0	0	0	0	1	0	0	0	0	0	0	0	3	0	0	3	0	0	1	0	0	0	0	0
IT4	0	0	0	0	3	0	3	0	0	0	0	3	0	0	0	0	0	0	0	0	0	0	0	0	0	0	0	0	0	0	0	0	0	0	0	0	0	0	0	0	0	0	0	3	0	0	1	0	0	0
IT5	0	0	0	0	3	0	0	0	0	0	0	0	0	0	0	0	0	0	1	0	0	0	0	3	0	0	0	0	0	0	0	3	0	0	0	0	0	0	0	3	0	0	0	0	0	3	0	0	0	0
IT6	0	0	0	0	0	0	3	0	0	0	0	3	0	0	0	0	0	0	0	3	0	0	0	3	0	0	0	0	0	0	0	0	0	0	0	0	0	0	0	0	0	0	0	0	0	3	3	0	0	0
IT7	0	0	0	0	0	0	0	0	0	0	3	0	0	0	0	0	0	0	0	0	3	0	0	0	0	0	0	0	3	0	3	0	0	0	0	0	0	0	0	3	0	0	0	3	0	0	0	0	0	0
IT8	0	0	0	0	0	0	0	0	0	0	0	3	0	0	0	0	0	0	0	0	0	0	3	0	0	0	1	0	3	0	3	0	0	0	0	0	0	0	0	3	0	0	0	3	0	0	3	0	0	0
IT9	0	0	0	0	0	0	0	0	0	0	3	0	0	0	0	0	0	0	0	0	0	0	0	3	0	0	0	0	3	0	3	0	0	0	0	0	0	0	0	0	0	2	0	0	0	0	3	0	0	0
IT10	0	0	0	0	0	0	0	0	0	0	3	3	0	0	0	0	0	0	0	0	0	0	0	0	0	0	0	0	0	0	0	0	0	0	0	0	0	0	0	0	0	3	0	0	0	0	3	0	0	0
IT11	0	0	0	0	0	0	0	0	0	0	0	0	0	0	0	0	0	0	0	0	0	0	2	0	0	0	0	0	0	0	0	0	0	0	0	0	0	0	0	3	0	0	0	0	0	0	0	0	1	0
IT12	0	0	0	0	0	0	0	0	0	0	0	0	3	0	0	3	0	0	0	0	0	0	3	0	0	0	0	0	0	0	0	0	0	0	0	0	0	2	0	0	0	0	0	0	0	0	0	0	0	0
IT13	2	0	0	0	0	0	0	0	0	0	0	0	0	0	0	0	0	0	3	0	0	0	0	0	0	0	3	0	0	0	0	0	0	0	0	0	1	2	0	0	0	0	0	0	0	0	0	0	0	0
IT14	0	0	0	0	0	0	0	0	0	0	0	0	3	0	1	0	0	0	0	0	0	0	0	0	0	0	0	0	0	0	0	0	0	0	0	0	0	0	0	0	0	0	0	0	0	0	0	0	0	0
IT15	2	0	0	1	0	0	0	0	0	0	0	0	0	0	0	0	0	0	3	0	0	0	0	0	0	0	3	0	0	0	0	0	0	0	0	0	0	0	0	0	0	0	0	0	0	0	0	1	0	1
IT16	0	0	0	0	0	0	0	0	0	0	0	0	0	0	0	0	1	1	0	0	0	0	0	0	0	0	0	0	0	0	0	0	0	0	0	0	0	0	0	2	3	0	0	0	0	0	0	0	3	0
IT17	0	0	0	0	0	2	0	0	0	0	0	2	0	0	0	0	0	0	0	0	0	3	0	0	0	0	0	0	0	0	0	0	0	0	0	0	0	0	0	0	0	0	0	0	0	0	0	0	3	0
IT18	1	1	0	0	0	0	0	0	0	0	0	0	0	0	0	0	0	0	0	0	0	3	0	0	1	0	0	0	0	0	0	0	0	0	0	0	0	0	0	3	0	0	0	0	0	0	0	0	0	0
IT19	0	0	0	0	0	0	0	0	0	0	0	0	0	0	0	1	0	0	0	1	0	0	1	0	0	0	0	0	0	0	0	0	0	0	0	0	0	0	0	0	0	0	0	0	0	0	0	0	0	0
IT20	0	0	0	2	0	3	0	3	0	2	0	0	0	0	0	2	0	0	0	0	0	0	0	0	0	0	0	0	0	0	0	0	0	3	3	0	0	1	0	0	0	0	1	0	0	0	0	0	0	0
IT21	0	0	0	0	0	3	0	0	0	0	0	0	0	0	0	0	0	2	0	0	0	0	0	0	0	0	0	0	0	2	0	0	0	0	3	0	3	0	0	0	0	0	0	0	0	0	0	0	0	0
IT22	3	0	0	0	0	3	0	0	0	2	0	0	0	0	3	0	0	0	2	0	0	0	0	0	0	0	0	0	0	2	0	0	0	1	3	0	0	0	0	0	1	0	0	0	0	0	0	0	0	3
IT23	0	0	1	3	0	0	0	3	0	1	0	0	2	0	2	0	0	3	0	0	0	0	0	0	0	0	0	2	0	0	0	0	0	0	0	1	3	0	0	0	0	0	0	0	0	0	0	3	0	0
IT24	3	0	0	0	0	0	0	3	0	3	0	0	2	0	0	3	0	3	2	0	0	2	0	0	3	0	0	0	0	0	0	0	3	0	0	0	0	3	0	0	2	0	0	0	0	0	0	3	2	3
IT25	0	3	0	3	0	2	0	0	0	3	0	0	1	0	0	0	2	0	0	0	0	0	0	0	3	2	0	0	3	3	0	0	0	0	1	0	3	3	0	0	0	0	0	0	0	0	0	3	0	0
IT26	3	3	0	0	0	0	0	0	2	0	0	0	3	0	3	3	0	0	3	0	0	0	0	0	0	0	0	2	0	0	0	1	3	2	0	0	2	0	0	0	3	0	3	0	0	0	0	3	0	0
IT27	0	0	0	2	0	0	0	3	0	0	0	0	0	0	0	0	2	0	0	0	0	3	0	0	3	2	0	0	0	1	0	0	0	0	0	3	0	0	2	0	0	0	0	0	0	0	0	0	0	3
IT28	0	0	3	0	0	3	0	0	2	0	0	0	0	0	0	0	3	0	0	0	0	0	0	0	3	3	0	3	0	0	0	0	0	2	2	0	2	3	0	0	2	0	3	0	3	0	0	0	3	0
IT29	0	3	0	3	0	0	0	0	3	0	0	0	0	0	0	0	3	0	0	0	0	0	0	0	0	0	0	0	0	0	0	0	3	0	2	3	0	0	2	0	3	0	0	0	0	0	0	2	0	2
IT30	0	0	3	0	0	3	0	0	0	0	1	0	0	0	2	0	3	2	0	2	0	3	0	0	0	3	0	2	1	0	0	0	3	3	0	0	0	0	3	0	0	0	3	0	3	0	0	0	3	0
IT31	0	0	3	3	0	0	0	0	0	3	0	0	0	0	2	2	0	0	0	0	0	2	0	0	0	0	2	1	0	0	0	0	0	0	0	3	0	0	0	0	0	0	0	0	0	0	0	0	0	0
IT32	0	0	0	0	0	0	0	0	0	0	0	0	0	0	3	0	0	2	0	0	0	0	0	0	2	0	0	0	0	0	0	3	0	3	0	3	2	0	3	0	0	0	3	0	3	0	0	0	0	0
IT33	0	0	0	0	3	1	0	3	0	0	0	0	0	0	0	0	0	0	0	3	0	1	0	0	0	1	0	0	0	2	0	3	0	0	3	3	0	0	0	0	0	0	0	0	0	0	0	2	2	0
IT34	0	2	3	0	0	0	0	0	1	3	0	0	0	0	3	0	0	0	0	2	0	0	0	0	2	0	2	0	0	0	0	3	0	0	0	0	3	0	0	0	0	0	0	0	0	0	0	0	0	0
IT35	0	0	0	0	3	0	0	2	0	3	0	0	0	0	0	0	0	3	0	3	0	0	0	0	0	0	2	3	0	3	0	0	1	0	0	0	0	0	0	0	0	0	0	0	2	1	0	0	0	0
IT36	0	2	0	0	0	0	1	0	0	0	3	0	0	1	0	0	0	3	0	0	0	0	3	0	2	2	0	3	0	0	3	0	0	0	0	0	0	0	1	0	0	0	0	0	3	0	0	0	0	0
IT37	0	3	0	0	0	0	0	1	3	0	0	0	0	0	0	0	0	0	0	0	0	0	0	1	0	0	0	0	0	3	0	3	2	0	0	2	0	0	2	0	0	3	0	0	2	0	0	0	0	0
IT38	0	2	0	0	0	0	0	0	2	0	3	1	0	0	0	0	0	0	0	0	1	0	0	0	0	3	3	0	0	3	0	0	0	0	0	0	0	0	0	0	0	3	0	1	3	0	3	0	0	2
IT39	0	0	2	0	1	0	0	0	3	0	0	0	0	0	0	0	0	0	0	2	0	0	0	0	3	0	0	3	0	0	3	0	0	0	0	0	0	0	3	0	0	1	2	0	0	0	0	0	0	0
IT40	0	0	0	0	0	0	0	0	3	0	0	0	0	0	0	0	0	0	0	0	0	0	0	0	0	3	0	0	0	0	0	0	2	0	0	2	0	0	0	1	0	0	2	0	0	0	0	0	0	0
//unavailability
IT1
IT2 1-4
IT3 39-42
IT4
IT5
IT6
IT7
IT8
IT9
IT10 24-25
IT11
IT12 9-13 41-42
IT13
IT14 38-42
IT15 5-9
IT16 0 15-19
IT17 7-13
IT18
IT19 4-8
IT20
IT21
IT22 42
IT23 41-42
IT24
IT25 40-42
IT26
IT27
IT28 35-37
IT29 22-26 41-42
IT30
IT31
IT32 0-3
IT33
IT34
IT35 40-42
IT36
IT37
IT38 11
IT39 0-1 23-27
IT40
