14// number of internal lecturers: IT_1, ..., IT_m1
6// number of external lecturers: IT_m1+1, ..., IT_m
20// number of jury: J1, ..., Jn
0 40//X=0 Y=30
// matrix 
	J1	J2	J3	J4	J5	J6	J7	J8	J9	J10	J11	J12	J13	J14	J15	J16	J17	J18	J19	J20
IT1	0	1	2	3	1	0	1	2	1	1	0	1	2	1	1	1	0	3	2	1
IT2	1	2	3	3	0	3	2	3	3	0	1	2	3	3	0	0	3	2	3	0
IT3	3	0	0	1	3	1	2	3	3	0	0	2	3	3	0	3	1	0	3	3	
IT4	3	3	1	0	3	3	3	1	0	3	3	3	1	0	3	0	3	0	0	0
IT5	2	3	0	0	2	2	3	0	0	2	2	3	0	0	2	3	0	0	3	0
IT6	3	3	3	3	0	3	3	3	3	0	3	3	3	3	0	0	0	3	0	0
IT7	3	0	0	0	3	3	0	0	0	3	3	0	0	0	3	0	0	0	3	3
IT8	0	3	3	3	0	0	3	3	3	0	0	3	3	3	0	0	3	3	3	0
IT9	3	0	0	0	3	3	0	0	0	3	3	0	0	0	3	3	3	3	0	3
IT10	0	3	3	3	0	0	3	3	3	0	0	3	3	3	0	0	0	0	3	3
IT11	0	0	2	3	0	0	0	2	0	0	0	0	2	0	0	3	3	2	0	0
IT12	0	2	3	3	0	0	2	3	3	0	0	2	3	3	0	0	0	3	3	3
IT13	3	0	0	0	3	0	2	3	3	0	0	2	3	3	0	3	0	0	3	3	
IT14	3	3	0	0	3	3	3	0	0	3	3	3	0	0	3	0	0	0	0	0
IT15	2	3	0	0	2	2	3	0	0	2	2	3	0	0	2	3	2	0	3	3
IT16	3	3	3	3	0	3	3	3	3	0	3	3	3	3	0	0	0	0	0	0
IT17	3	0	0	0	3	3	0	0	0	3	3	0	0	0	3	3	0	0	3	0
IT18	0	3	3	3	0	0	3	3	3	0	0	3	3	3	0	2	2	0	1	0
IT19	3	0	0	0	3	3	0	0	0	3	3	0	0	0	3	3	0	1	3	0
IT20	0	3	3	3	0	0	3	3	3	0	0	3	3	3	0	0	3	3	3	0
// unavailabity
IT1 1 4-6 11
IT2 3-5 10-15
IT3 6-9
IT4 
IT5 3-7
IT6 3 5 7 9
IT7 2-8
IT8 3 6-9
IT9 2-8
IT10 3 7-9
IT11 1 11-
IT12 20-25
IT13 16-
IT14 30-
IT15 3-7
IT16 3 5 7 9
IT17 2 8
IT18 3 6 9
IT19 2-8
IT20 3 6-9 26-
